1986	10	1	7.83
1986	10	2	7.43
1986	10	3	7.83
1986	10	4	9.11
1986	10	5	5.58
1986	10	6	7.83
1986	10	7	6.65
1986	10	8	5.93
1986	10	9	6.29
1986	10	10	7.03
1986	10	11	7.83
1986	10	12	4.93
1986	10	13	6.65
1986	10	14	6.65
1986	10	15	5.58
1986	10	16	6.29
1986	10	17	6.29
1986	10	18	4.93
1986	10	19	4.93
1986	10	20	6.29
1986	10	21	7.03
1986	10	22	5.58
1986	10	23	6.65
1986	10	24	9.57
1986	10	25	13.63
1986	10	26	10.03
1986	10	27	9.57
1986	10	28	8.67
1986	10	29	7.83
1986	10	30	7.83
1986	10	31	7.83
1986	11	1	7.43
1986	11	2	7.03
1986	11	3	7.83
1986	11	4	7.83
1986	11	5	7.03
1986	11	6	6.29
1986	11	7	4.62
1986	11	8	3.75
1986	11	9	2.99
1986	11	10	3.49
1986	11	11	10.51
1986	11	12	10.03
1986	11	13	15.96
1986	11	14	50.1
1986	11	15	36.35
1986	11	16	28.24
1986	11	17	25.79
1986	11	18	23.46
1986	11	19	17.85
1986	11	20	21.98
1986	11	21	17.21
1986	11	22	13.08
1986	11	23	15.96
1986	11	24	16.58
1986	11	25	12.54
1986	11	26	13.63
1986	11	27	9.57
1986	11	28	10.03
1986	11	29	10.03
1986	11	30	9.57
1986	12	1	8.67
1986	12	2	12.54
1986	12	3	14.77
1986	12	4	13.08
1986	12	5	11.5
1986	12	6	13.08
1986	12	7	13.08
1986	12	8	17.21
1986	12	9	19.17
1986	12	10	17.21
1986	12	11	14.19
1986	12	12	17.21
1986	12	13	25.79
1986	12	14	35.39
1986	12	15	35.39
1986	12	16	37.32
1986	12	17	28.24
1986	12	18	21.98
1986	12	19	25.79
1986	12	20	27.41
1986	12	21	31.7
1986	12	22	32.6
1986	12	23	26.59
1986	12	24	25
1986	12	25	23.46
1986	12	26	25.79
1986	12	27	24.23
1986	12	28	23.46
1986	12	29	22.71
1986	12	30	22.71
1986	12	31	20.55
1987	1	1	20.55
1987	1	2	25
1987	1	3	26.59
1987	1	4	25
1987	1	5	21.98
1987	1	6	20.55
1987	1	7	19.85
1987	1	8	23.46
1987	1	9	27.41
1987	1	10	32.6
1987	1	11	25.79
1987	1	12	30.82
1987	1	13	53.63
1987	1	14	43.45
1987	1	15	42.39
1987	1	16	37.32
1987	1	17	36.35
1987	1	18	33.52
1987	1	19	34.45
1987	1	20	32.6
1987	1	21	29.95
1987	1	22	29.09
1987	1	23	29.95
1987	1	24	26.59
1987	1	25	25
1987	1	26	29.09
1987	1	27	34.45
1987	1	28	44.52
1987	1	29	43.45
1987	1	30	39.31
1987	1	31	39.31
1987	2	1	39.31
1987	2	2	53.63
1987	2	3	45.61
1987	2	4	42.39
1987	2	5	40.32
1987	2	6	39.31
1987	2	7	31.7
1987	2	8	31.7
1987	2	9	33.52
1987	2	10	37.32
1987	2	11	56.05
1987	2	12	47.83
1987	2	13	50.1
1987	2	14	47.83
1987	2	15	44.52
1987	2	16	52.44
1987	2	17	71.87
1987	2	18	66.36
1987	2	19	56.05
1987	2	20	52.44
1987	2	21	50.1
1987	2	22	44.52
1987	2	23	43.45
1987	2	24	48.96
1987	2	25	88.32
1987	2	26	62.38
1987	2	27	79.12
1987	2	28	89.91
1987	3	1	70.47
1987	3	2	65.02
1987	3	3	61.08
1987	3	4	58.54
1987	3	5	54.83
1987	3	6	52.44
1987	3	7	48.96
1987	3	8	50.1
1987	3	9	52.44
1987	3	10	48.96
1987	3	11	45.61
1987	3	12	46.71
1987	3	13	45.61
1987	3	14	43.45
1987	3	15	40.32
1987	3	16	38.31
1987	3	17	34.45
1987	3	18	33.52
1987	3	19	32.6
1987	3	20	31.7
1987	3	21	29.09
1987	3	22	32.6
1987	3	23	33.52
1987	3	24	40.32
1987	3	25	76.17
1987	3	26	57.29
1987	3	27	51.26
1987	3	28	61.08
1987	3	29	52.44
1987	3	30	48.96
1987	3	31	46.71
1987	4	1	45.61
1987	4	2	50.1
1987	4	3	73.29
1987	4	4	83.65
1987	4	5	99.78
1987	4	6	93.14
1987	4	7	113.84
1987	4	8	88.32
1987	4	9	80.61
1987	4	10	76.17
1987	4	11	76.17
1987	4	12	71.87
1987	4	13	67.71
1987	4	14	63.69
1987	4	15	57.29
1987	4	16	54.83
1987	4	17	56.05
1987	4	18	56.05
1987	4	19	52.44
1987	4	20	52.44
1987	4	21	51.26
1987	4	22	50.1
1987	4	23	48.96
1987	4	24	59.8
1987	4	25	71.87
1987	4	26	59.8
1987	4	27	54.83
1987	4	28	54.83
1987	4	29	52.44
1987	4	30	50.1
1987	5	1	46.71
1987	5	2	44.52
1987	5	3	40.32
1987	5	4	41.35
1987	5	5	39.31
1987	5	6	37.32
1987	5	7	36.35
1987	5	8	34.45
1987	5	9	32.6
1987	5	10	33.52
1987	5	11	33.52
1987	5	12	32.6
1987	5	13	30.82
1987	5	14	28.24
1987	5	15	27.41
1987	5	16	25
1987	5	17	24.23
1987	5	18	23.46
1987	5	19	23.46
1987	5	20	21.98
1987	5	21	20.55
1987	5	22	19.85
1987	5	23	17.85
1987	5	24	16.58
1987	5	25	17.85
1987	5	26	16.58
1987	5	27	15.36
1987	5	28	14.77
1987	5	29	14.19
1987	5	30	13.63
1987	5	31	12.54
1987	6	1	14.19
1987	6	2	13.08
1987	6	3	12.01
1987	6	4	13.08
1987	6	5	13.63
1987	6	6	12.01
1987	6	7	12.01
1987	6	8	13.63
1987	6	9	13.63
1987	6	10	12.54
1987	6	11	14.19
1987	6	12	14.77
1987	6	13	15.96
1987	6	14	14.19
1987	6	15	15.36
1987	6	16	14.19
1987	6	17	13.63
1987	6	18	11.5
1987	6	19	12.01
1987	6	20	13.08
1987	6	21	12.54
1987	6	22	12.54
1987	6	23	11
1987	6	24	9.57
1987	6	25	8.67
1987	6	26	7.83
1987	6	27	6.65
1987	6	28	5.25
1987	6	29	7.83
1987	6	30	7.03
1987	7	1	6.29
1987	7	2	5.93
1987	7	3	5.58
1987	7	4	5.93
1987	7	5	4.93
1987	7	6	5.25
1987	7	7	6.65
1987	7	8	5.58
1987	7	9	5.58
1987	7	10	5.25
1987	7	11	4.62
1987	7	12	2.99
1987	7	13	2.99
1987	7	14	4.93
1987	7	15	3.49
1987	7	16	4.62
1987	7	17	7.03
1987	7	18	7.03
1987	7	19	5.25
1987	7	20	5.93
1987	7	21	7.03
1987	7	22	5.25
1987	7	23	5.93
1987	7	24	4.62
1987	7	25	4.62
1987	7	26	3.49
1987	7	27	2.75
1987	7	28	5.25
1987	7	29	3.23
1987	7	30	3.49
1987	7	31	2.99
1987	8	1	2.75
1987	8	2	2.31
1987	8	3	2.11
1987	8	4	2.75
1987	8	5	2.99
1987	8	6	2.53
1987	8	7	3.49
1987	8	8	3.23
1987	8	9	4.03
1987	8	10	3.49
1987	8	11	5.25
1987	8	12	3.49
1987	8	13	3.49
1987	8	14	3.75
1987	8	15	3.23
1987	8	16	2.75
1987	8	17	2.99
1987	8	18	5.25
1987	8	19	3.75
1987	8	20	3.75
1987	8	21	3.23
1987	8	22	1.11
1987	8	23	2.53
1987	8	24	2.75
1987	8	25	4.03
1987	8	26	2.99
1987	8	27	2.99
1987	8	28	3.23
1987	8	29	2.99
1987	8	30	3.75
1987	8	31	5.25
1987	9	1	7.43
1987	9	2	5.25
1987	9	3	5.58
1987	9	4	5.58
1987	9	5	4.62
1987	9	6	4.32
1987	9	7	4.32
1987	9	8	4.32
1987	9	9	4.03
1987	9	10	4.32
1987	9	11	3.49
1987	9	12	2.75
1987	9	13	3.23
1987	9	14	3.49
1987	9	15	2.99
1987	9	16	2.75
1987	9	17	3.23
1987	9	18	3.49
1987	9	19	3.75
1987	9	20	3.75
1987	9	21	2.99
1987	9	22	4.03
1987	9	23	4.62
1987	9	24	4.93
1987	9	25	5.93
1987	9	26	14.19
1987	9	27	14.77
1987	9	28	12.01
1987	9	29	8.67
1987	9	30	8.25
1987	10	1	7.53
1987	10	2	8.36
1987	10	3	13.38
1987	10	4	19.15
1987	10	5	16.29
1987	10	6	16.55
1987	10	7	15.48
1987	10	8	19.94
1987	10	9	16.29
1987	10	10	18.79
1987	10	11	19.41
1987	10	12	20.7
1987	10	13	19.02
1987	10	14	20
1987	10	15	160.06
1987	10	16	180.6
1987	10	17	95.09
1987	10	18	76.16
1987	10	19	78.51
1987	10	20	97.38
1987	10	21	95.14
1987	10	22	81.69
1987	10	23	79.09
1987	10	24	73.36
1987	10	25	67.41
1987	10	26	60.61
1987	10	27	82.77
1987	10	28	61.51
1987	10	29	56.08
1987	10	30	83.21
1987	10	31	94.77
1987	11	1	88.44
1987	11	2	74.62
1987	11	3	63.98
1987	11	4	58.7
1987	11	5	47.06
1987	11	6	50.71
1987	11	7	48.32
1987	11	8	44.8
1987	11	9	44
1987	11	10	43.09
1987	11	11	43.1
1987	11	12	41.52
1987	11	13	49.25
1987	11	14	50.45
1987	11	15	44.58
1987	11	16	45.52
1987	11	17	41.57
1987	11	18	39.45
1987	11	19	36.2
1987	11	20	35.58
1987	11	21	34.65
1987	11	22	33.26
1987	11	23	33.58
1987	11	24	32.55
1987	11	25	31.74
1987	11	26	28.84
1987	11	27	28.2
1987	11	28	26.87
1987	11	29	26.87
1987	11	30	26.06
1987	12	1	27.53
1987	12	2	26.42
1987	12	3	26.84
1987	12	4	32.04
1987	12	5	50.06
1987	12	6	59.1
1987	12	7	47.67
1987	12	8	43.06
1987	12	9	40.41
1987	12	10	99.84
1987	12	11	94.71
1987	12	12	74.73
1987	12	13	85.68
1987	12	14	91.91
1987	12	15	89.07
1987	12	16	85.43
1987	12	17	112.78
1987	12	18	91.93
1987	12	19	83.56
1987	12	20	76.18
1987	12	21	73.37
1987	12	22	70.62
1987	12	23	67.5
1987	12	24	64.54
1987	12	25	65.49
1987	12	26	66.31
1987	12	27	62.28
1987	12	28	58.93
1987	12	29	57.4
1987	12	30	55.4
1987	12	31	78.87
1988	1	1	66.66
1988	1	2	72.15
1988	1	3	76.57
1988	1	4	77.31
1988	1	5	92.86
1988	1	6	141.85
1988	1	7	116.44
1988	1	8	100.29
1988	1	9	93.25
1988	1	10	88.13
1988	1	11	87.69
1988	1	12	86.03
1988	1	13	118.22
1988	1	14	94.99
1988	1	15	109.87
1988	1	16	95.87
1988	1	17	87.33
1988	1	18	83.71
1988	1	19	83.51
1988	1	20	79.14
1988	1	21	76.85
1988	1	22	76.31
1988	1	23	76.52
1988	1	24	99.86
1988	1	25	132.01
1988	1	26	116.45
1988	1	27	146.76
1988	1	28	138.01
1988	1	29	238.38
1988	1	30	225.41
1988	1	31	178.66
1988	2	1	229.82
1988	2	2	194.1
1988	2	3	185.38
1988	2	4	227.67
1988	2	5	209.57
1988	2	6	291.7
1988	2	7	100.56
1988	2	8	130.1
1988	2	9	184.72
1988	2	10	161.95
1988	2	11	146.39
1988	2	12	148.19
1988	2	13	130.62
1988	2	14	121.22
1988	2	15	112.96
1988	2	16	106.18
1988	2	17	102.94
1988	2	18	97.9
1988	2	19	94.28
1988	2	20	90.55
1988	2	21	85.85
1988	2	22	87.89
1988	2	23	86.45
1988	2	24	80.44
1988	2	25	74.23
1988	2	26	69.95
1988	2	27	63.55
1988	2	28	58.09
1988	2	29	58.11
1988	3	1	57.06
1988	3	2	54.88
1988	3	3	53.42
1988	3	4	51.82
1988	3	5	49.76
1988	3	6	46.93
1988	3	7	41.74
1988	3	8	41.61
1988	3	9	43.86
1988	3	10	42.1
1988	3	11	40.68
1988	3	12	40.75
1988	3	13	38.6
1988	3	14	38.17
1988	3	15	35.91
1988	3	16	36.57
1988	3	17	37.08
1988	3	18	36.96
1988	3	19	34.9
1988	3	20	30.84
1988	3	21	33.84
1988	3	22	31.9
1988	3	23	32.06
1988	3	24	29.73
1988	3	25	29.28
1988	3	26	28.96
1988	3	27	27.76
1988	3	28	27.66
1988	3	29	27
1988	3	30	27.66
1988	3	31	26.21
1988	4	1	23.25
1988	4	2	23.49
1988	4	3	20.7
1988	4	4	23.14
1988	4	5	22.4
1988	4	6	22.5
1988	4	7	21.47
1988	4	8	21.29
1988	4	9	20.76
1988	4	10	19.57
1988	4	11	23.9
1988	4	12	29.64
1988	4	13	71.25
1988	4	14	57.19
1988	4	15	44.65
1988	4	16	40.54
1988	4	17	50.03
1988	4	18	85.56
1988	4	19	87.42
1988	4	20	67.97
1988	4	21	59.96
1988	4	22	63.84
1988	4	23	60.68
1988	4	24	56.89
1988	4	25	55.48
1988	4	26	56.06
1988	4	27	51.99
1988	4	28	50.27
1988	4	29	48.98
1988	4	30	45.49
1988	5	1	55.49
1988	5	2	69.52
1988	5	3	68.39
1988	5	4	65.13
1988	5	5	63.37
1988	5	6	62.1
1988	5	7	64.92
1988	5	8	65.87
1988	5	9	62.86
1988	5	10	58.53
1988	5	11	57.03
1988	5	12	54.62
1988	5	13	53.47
1988	5	14	51.09
1988	5	15	47.68
1988	5	16	48.98
1988	5	17	49.47
1988	5	18	48.59
1988	5	19	47.58
1988	5	20	46.56
1988	5	21	43.65
1988	5	22	42.36
1988	5	23	41.73
1988	5	24	41.03
1988	5	25	39.6
1988	5	26	38.52
1988	5	27	37.42
1988	5	28	36.65
1988	5	29	38.99
1988	5	30	39.96
1988	5	31	37.49
1988	6	1	35.74
1988	6	2	33.18
1988	6	3	29.75
1988	6	4	28.17
1988	6	5	24.9
1988	6	6	24.83
1988	6	7	80.34
1988	6	8	24.43
1988	6	9	25.85
1988	6	10	27.65
1988	6	11	31.17
1988	6	12	31.27
1988	6	13	31.29
1988	6	14	33.09
1988	6	15	31.35
1988	6	16	32.23
1988	6	17	32.87
1988	6	18	30.14
1988	6	19	26.88
1988	6	20	25.2
1988	6	21	25.22
1988	6	22	24.72
1988	6	23	38.89
1988	6	24	35.76
1988	6	25	32
1988	6	26	27.05
1988	6	27	25.7
1988	6	28	40.51
1988	6	29	45.33
1988	6	30	41.39
1988	7	1	39.37
1988	7	2	39.57
1988	7	3	43.13
1988	7	4	46.06
1988	7	5	48.4
1988	7	6	50.57
1988	7	7	48.34
1988	7	8	45.27
1988	7	9	42.26
1988	7	10	39.74
1988	7	11	38.19
1988	7	12	35.6
1988	7	13	32.24
1988	7	14	28.1
1988	7	15	24.73
1988	7	16	22.16
1988	7	17	19.16
1988	7	18	20.31
1988	7	19	21.23
1988	7	20	20
1988	7	21	18.11
1988	7	22	15.88
1988	7	23	16.81
1988	7	24	15.79
1988	7	25	15.81
1988	7	26	15.26
1988	7	27	15.38
1988	7	28	15.51
1988	7	29	16.49
1988	7	30	15.56
1988	7	31	13.9
1988	8	1	11.25
1988	8	2	10.11
1988	8	3	9.09
1988	8	4	11.57
1988	8	5	12.33
1988	8	6	12.49
1988	8	7	10.85
1988	8	8	12.32
1988	8	9	10.76
1988	8	10	10.33
1988	8	11	10.53
1988	8	12	10.38
1988	8	13	8.24
1988	8	14	6.39
1988	8	15	7.49
1988	8	16	8.94
1988	8	17	7.24
1988	8	18	7.2
1988	8	19	6.61
1988	8	20	6.47
1988	8	21	6.65
1988	8	22	7.66
1988	8	23	7.01
1988	8	24	6.77
1988	8	25	5.07
1988	8	26	5.43
1988	8	27	4.48
1988	8	28	4.56
1988	8	29	6.18
1988	8	30	6.31
1988	8	31	6.17
1988	9	1	6.22
1988	9	2	7.63
1988	9	3	10.19
1988	9	4	7.19
1988	9	5	5.36
1988	9	6	5.94
1988	9	7	8.38
1988	9	8	7.71
1988	9	9	5.66
1988	9	10	6.42
1988	9	11	4.97
1988	9	12	5.86
1988	9	13	6.77
1988	9	14	5.66
1988	9	15	7.52
1988	9	16	5.54
1988	9	17	5.18
1988	9	18	3.87
1988	9	19	5.58
1988	9	20	6.38
1988	9	21	5.52
1988	9	22	5.66
1988	9	23	5.9
1988	9	24	5.63
1988	9	25	5.03
1988	9	26	5.32
1988	9	27	5.91
1988	9	28	4.67
1988	9	29	4.04
1988	9	30	3.93
1988	10	1	5.4
1988	10	2	4.5
1988	10	3	6.25
1988	10	4	6.31
1988	10	5	5.29
1988	10	6	6.38
1988	10	7	6.11
1988	10	8	5.98
1988	10	9	4.3
1988	10	10	7.04
1988	10	11	6.88
1988	10	12	6.55
1988	10	13	10.01
1988	10	14	20.55
1988	10	15	13.09
1988	10	16	9.64
1988	10	17	11.17
1988	10	18	12.5
1988	10	19	18.9
1988	10	20	15.89
1988	10	21	13.51
1988	10	22	13.88
1988	10	23	17.73
1988	10	24	16.48
1988	10	25	13.9
1988	10	26	13.31
1988	10	27	20.41
1988	10	28	17.63
1988	10	29	15.96
1988	10	30	15.89
1988	10	31	17.63
1988	11	1	16.02
1988	11	2	16.81
1988	11	3	16.55
1988	11	4	15.2
1988	11	5	14.87
1988	11	6	12.76
1988	11	7	16.32
1988	11	8	22.17
1988	11	9	20.43
1988	11	10	17.43
1988	11	11	16.52
1988	11	12	16.15
1988	11	13	13.48
1988	11	14	13.71
1988	11	15	14.29
1988	11	16	13.7
1988	11	17	13.56
1988	11	18	13.63
1988	11	19	13.5
1988	11	20	11.91
1988	11	21	14.25
1988	11	22	12.62
1988	11	23	12.38
1988	11	24	12.7
1988	11	25	12.31
1988	11	26	12
1988	11	27	10.53
1988	11	28	10.45
1988	11	29	9.61
1988	11	30	13.48
1988	12	1	29.06
1988	12	2	24.05
1988	12	3	22.39
1988	12	4	19.36
1988	12	5	19.55
1988	12	6	18.22
1988	12	7	15.37
1988	12	8	13.97
1988	12	9	15.15
1988	12	10	14.61
1988	12	11	13.73
1988	12	12	14.27
1988	12	13	13.84
1988	12	14	13.12
1988	12	15	13.46
1988	12	16	13.05
1988	12	17	11.51
1988	12	18	10.42
1988	12	19	11.91
1988	12	20	11.61
1988	12	21	11.43
1988	12	22	11.02
1988	12	23	10.45
1988	12	24	11.32
1988	12	25	11.95
1988	12	26	11.89
1988	12	27	11.39
1988	12	28	10.86
1988	12	29	10.97
1988	12	30	10.12
1988	12	31	9.1
1989	1	1	7.49
1989	1	2	8.59
1989	1	3	9.34
1989	1	4	9.15
1989	1	5	9.81
1989	1	6	12.11
1989	1	7	15.66
1989	1	8	10.61
1989	1	9	10.38
1989	1	10	11.26
1989	1	11	12.65
1989	1	12	11.8
1989	1	13	10.37
1989	1	14	9.26
1989	1	15	7.86
1989	1	16	9.26
1989	1	17	8.49
1989	1	18	8.86
1989	1	19	8.67
1989	1	20	9.41
1989	1	21	8.48
1989	1	22	6.84
1989	1	23	8.39
1989	1	24	9.13
1989	1	25	9.89
1989	1	26	9.64
1989	1	27	8.75
1989	1	28	8.68
1989	1	29	6.06
1989	1	30	8.28
1989	1	31	7.37
1989	2	1	7.16
1989	2	2	9.02
1989	2	3	9.11
1989	2	4	9.14
1989	2	5	7.5
1989	2	6	7.22
1989	2	7	6.7
1989	2	8	7.96
1989	2	9	8.74
1989	2	10	9.79
1989	2	11	9.99
1989	2	12	6.97
1989	2	13	8.41
1989	2	14	8.72
1989	2	15	8.5
1989	2	16	8.02
1989	2	17	8.29
1989	2	18	9.73
1989	2	19	6.81
1989	2	20	7.83
1989	2	21	9.25
1989	2	22	11.72
1989	2	23	13.99
1989	2	24	36.72
1989	2	25	51.91
1989	2	26	61.72
1989	2	27	54.55
1989	2	28	80.49
1989	3	1	85.39
1989	3	2	73.58
1989	3	3	71.72
1989	3	4	61
1989	3	5	53.54
1989	3	6	52.39
1989	3	7	68.97
1989	3	8	56.37
1989	3	9	48.4
1989	3	10	39.04
1989	3	11	36.78
1989	3	12	36.55
1989	3	13	34.38
1989	3	14	33.53
1989	3	15	31.79
1989	3	16	33.68
1989	3	17	34.16
1989	3	18	30.57
1989	3	19	28.98
1989	3	20	28.91
1989	3	21	26.56
1989	3	22	24.49
1989	3	23	23.57
1989	3	24	22.44
1989	3	25	22.1
1989	3	26	18.32
1989	3	27	21.17
1989	3	28	29.37
1989	3	29	26.13
1989	3	30	23.87
1989	3	31	22.69
1989	4	1	22.52
1989	4	2	23.18
1989	4	3	26.68
1989	4	4	21.2
1989	4	5	23.18
1989	4	6	24.44
1989	4	7	28
1989	4	8	29.65
1989	4	9	32.05
1989	4	10	30.25
1989	4	11	30.27
1989	4	12	47.49
1989	4	13	62.47
1989	4	14	53.32
1989	4	15	50.16
1989	4	16	49.38
1989	4	17	46.29
1989	4	18	46.24
1989	4	19	44.18
1989	4	20	44.61
1989	4	21	42.67
1989	4	22	41.97
1989	4	23	39.51
1989	4	24	35.03
1989	4	25	36.75
1989	4	26	36.72
1989	4	27	34.32
1989	4	28	36.36
1989	4	29	34.08
1989	4	30	31.22
1989	5	1	28.28
1989	5	2	30.76
1989	5	3	26.34
1989	5	4	23.81
1989	5	5	22.88
1989	5	6	21.51
1989	5	7	20.7
1989	5	8	20.57
1989	5	9	21.32
1989	5	10	21.2
1989	5	11	20.93
1989	5	12	21.12
1989	5	13	19.5
1989	5	14	17.81
1989	5	15	18.21
1989	5	16	17.38
1989	5	17	16.85
1989	5	18	15.92
1989	5	19	15.85
1989	5	20	14.98
1989	5	21	13.79
1989	5	22	13.61
1989	5	23	17.09
1989	5	24	21.6
1989	5	25	20.09
1989	5	26	21.56
1989	5	27	21.56
1989	5	28	17
1989	5	29	18.89
1989	5	30	24.06
1989	5	31	25.13
1989	6	1	25.98
1989	6	2	22.17
1989	6	3	19.8
1989	6	4	17.53
1989	6	5	16.41
1989	6	6	17.64
1989	6	7	16.86
1989	6	8	15.74
1989	6	9	15.3
1989	6	10	14.61
1989	6	11	13.52
1989	6	12	11.73
1989	6	13	13.52
1989	6	14	13.73
1989	6	15	13.2
1989	6	16	12.77
1989	6	17	19.53
1989	6	18	17.25
1989	6	19	14.09
1989	6	20	14.17
1989	6	21	13.82
1989	6	22	14.29
1989	6	23	12.94
1989	6	24	11.24
1989	6	25	9.58
1989	6	26	9.47
1989	6	27	9.33
1989	6	28	10.42
1989	6	29	9.68
1989	6	30	9.06
1989	7	1	8.82
1989	7	2	5.7
1989	7	3	6.32
1989	7	4	7.31
1989	7	5	7.98
1989	7	6	7.86
1989	7	7	8.19
1989	7	8	7.27
1989	7	9	3.98
1989	7	10	4.37
1989	7	11	5.86
1989	7	12	4.23
1989	7	13	4.75
1989	7	14	5.48
1989	7	15	5.25
1989	7	16	4.38
1989	7	17	3.75
1989	7	18	5.83
1989	7	19	4.48
1989	7	20	4.75
1989	7	21	4.6
1989	7	22	4.33
1989	7	23	4.33
1989	7	24	3.8
1989	7	25	4.98
1989	7	26	4.5
1989	7	27	4.37
1989	7	28	4.27
1989	7	29	3.65
1989	7	30	3.21
1989	7	31	3.87
1989	8	1	3.41
1989	8	2	3.78
1989	8	3	2.96
1989	8	4	3.06
1989	8	5	2.84
1989	8	6	3.66
1989	8	7	3.14
1989	8	8	4.98
1989	8	9	2.94
1989	8	10	2.82
1989	8	11	2.5
1989	8	12	2.87
1989	8	13	2.5
1989	8	14	2.4
1989	8	15	4.2
1989	8	16	3.62
1989	8	17	3.95
1989	8	18	3.26
1989	8	19	2.57
1989	8	20	1.94
1989	8	21	1.93
1989	8	22	3.55
1989	8	23	2.61
1989	8	24	2.52
1989	8	25	2.19
1989	8	26	1.87
1989	8	27	2.3
1989	8	28	1.82
1989	8	29	2.68
1989	8	30	2.48
1989	8	31	2.47
1989	9	1	2.41
1989	9	2	2.72
1989	9	3	2.65
1989	9	4	2.11
1989	9	5	2.82
1989	9	6	2.91
1989	9	7	2.38
1989	9	8	2.21
1989	9	9	1.88
1989	9	10	2.43
1989	9	11	1.84
1989	9	12	2.13
1989	9	13	2.8
1989	9	14	2.4
1989	9	15	2.49
1989	9	16	2.61
1989	9	17	2.25
1989	9	18	1.7
1989	9	19	2.76
1989	9	20	2.07
1989	9	21	2.43
1989	9	22	2.63
1989	9	23	2.33
1989	9	24	2.5
1989	9	25	2.21
1989	9	26	2.31
1989	9	27	2.3
1989	9	28	2.89
1989	9	29	2.72
1989	9	30	2.55
1989	10	1	2.06
1989	10	2	2.18
1989	10	3	2.53
1989	10	4	3.39
1989	10	5	3.1
1989	10	6	2.84
1989	10	7	2.55
1989	10	8	2.74
1989	10	9	2.21
1989	10	10	2.57
1989	10	11	2.8
1989	10	12	2.73
1989	10	13	3.64
1989	10	14	3.61
1989	10	15	3.38
1989	10	16	2.8
1989	10	17	3.21
1989	10	18	3.66
1989	10	19	2.71
1989	10	20	3.54
1989	10	21	2.86
1989	10	22	5.46
1989	10	23	18.7
1989	10	24	12.16
1989	10	25	7.43
1989	10	26	7.77
1989	10	27	7.53
1989	10	28	6.59
1989	10	29	5.51
1989	10	30	5.04
1989	10	31	5.59
1989	11	1	4.92
1989	11	2	5.66
1989	11	3	5.49
1989	11	4	5.71
1989	11	5	3.91
1989	11	6	5.75
1989	11	7	6.28
1989	11	8	5.96
1989	11	9	5.89
1989	11	10	5.99
1989	11	11	5.69
1989	11	12	7.01
1989	11	13	9.26
1989	11	14	8.04
1989	11	15	6.5
1989	11	16	6.99
1989	11	17	8.37
1989	11	18	15.27
1989	11	19	41.44
1989	11	20	41.93
1989	11	21	46.16
1989	11	22	41.2
1989	11	23	40.49
1989	11	24	76.34
1989	11	25	57.54
1989	11	26	51.96
1989	11	27	38.82
1989	11	28	35.18
1989	11	29	35.04
1989	11	30	31.57
1989	12	1	30.06
1989	12	2	24.38
1989	12	3	22.37
1989	12	4	26.61
1989	12	5	26.56
1989	12	6	25.9
1989	12	7	24.86
1989	12	8	25.65
1989	12	9	44.69
1989	12	10	33.03
1989	12	11	27.7
1989	12	12	42.48
1989	12	13	75.9
1989	12	14	51.36
1989	12	15	150.41
1989	12	16	262.9
1989	12	17	188.86
1989	12	18	230.06
1989	12	19	156.38
1989	12	20	133.12
1989	12	21	248.03
1989	12	22	353.65
1989	12	23	232.21
1989	12	24	161.83
1989	12	25	210.57
1989	12	26	189.34
1989	12	27	138.31
1989	12	28	117.51
1989	12	29	106.34
1989	12	30	99.64
1989	12	31	93.8
1990	1	1	115.49
1990	1	2	98.34
1990	1	3	112.34
1990	1	4	96.5
1990	1	5	90.22
1990	1	6	91.62
1990	1	7	92.33
1990	1	8	77.46
1990	1	9	72.81
1990	1	10	69.82
1990	1	11	65.65
1990	1	12	62.29
1990	1	13	60.51
1990	1	14	57.21
1990	1	15	57.48
1990	1	16	54.69
1990	1	17	54.12
1990	1	18	50.86
1990	1	19	49.94
1990	1	20	47.74
1990	1	21	44.42
1990	1	22	43.47
1990	1	23	42.94
1990	1	24	45.87
1990	1	25	51.01
1990	1	26	63.53
1990	1	27	83.07
1990	1	28	102.63
1990	1	29	91.94
1990	1	30	117.4
1990	1	31	140.01
1990	2	1	129.91
1990	2	2	186.23
1990	2	3	172.77
1990	2	4	133.05
1990	2	5	113.84
1990	2	6	114.55
1990	2	7	103.63
1990	2	8	98.87
1990	2	9	101.47
1990	2	10	99.45
1990	2	11	95.55
1990	2	12	92.61
1990	2	13	94.55
1990	2	14	88.84
1990	2	15	83.41
1990	2	16	81.48
1990	2	17	79.37
1990	2	18	70.92
1990	2	19	76.09
1990	2	20	72.23
1990	2	21	69.82
1990	2	22	64.39
1990	2	23	61.49
1990	2	24	59.23
1990	2	25	56.4
1990	2	26	54.48
1990	2	27	53.19
1990	2	28	51.29
1990	3	1	48.63
1990	3	2	47.18
1990	3	3	43.58
1990	3	4	41.12
1990	3	5	41.21
1990	3	6	40.27
1990	3	7	39.81
1990	3	8	39.59
1990	3	9	37.94
1990	3	10	36.46
1990	3	11	32.22
1990	3	12	31.97
1990	3	13	32.92
1990	3	14	31.67
1990	3	15	31.53
1990	3	16	29.69
1990	3	17	28.11
1990	3	18	27.11
1990	3	19	27.27
1990	3	20	27.06
1990	3	21	26.7
1990	3	22	25.57
1990	3	23	25.35
1990	3	24	28.5
1990	3	25	25.28
1990	3	26	24.93
1990	3	27	22.83
1990	3	28	22.56
1990	3	29	20.05
1990	3	30	20.43
1990	3	31	19.07
1990	4	1	18.59
1990	4	2	24.77
1990	4	3	28.15
1990	4	4	24.05
1990	4	5	24.96
1990	4	6	30.55
1990	4	7	28.73
1990	4	8	24.1
1990	4	9	23.77
1990	4	10	24.96
1990	4	11	22.9
1990	4	12	22.6
1990	4	13	23.35
1990	4	14	23.06
1990	4	15	20.61
1990	4	16	21.56
1990	4	17	21.06
1990	4	18	21.45
1990	4	19	19.09
1990	4	20	18.61
1990	4	21	17.09
1990	4	22	17.46
1990	4	23	17.62
1990	4	24	17.06
1990	4	25	18.07
1990	4	26	18
1990	4	27	16.03
1990	4	28	14.73
1990	4	29	14.25
1990	4	30	15.81
1990	5	1	13.02
1990	5	2	15.39
1990	5	3	15.32
1990	5	4	13.93
1990	5	5	12.49
1990	5	6	12.59
1990	5	7	12.29
1990	5	8	12.89
1990	5	9	13.39
1990	5	10	14.94
1990	5	11	13.24
1990	5	12	14.31
1990	5	13	14.52
1990	5	14	14.1
1990	5	15	14.31
1990	5	16	13.79
1990	5	17	12.11
1990	5	18	13.26
1990	5	19	12.57
1990	5	20	10.53
1990	5	21	11.5
1990	5	22	11.89
1990	5	23	11.51
1990	5	24	10.73
1990	5	25	9.78
1990	5	26	11.1
1990	5	27	10.4
1990	5	28	10.94
1990	5	29	9.99
1990	5	30	9.39
1990	5	31	9.2
1990	6	1	10.54
1990	6	2	8.73
1990	6	3	7.2
1990	6	4	9.68
1990	6	5	8.82
1990	6	6	8.26
1990	6	7	8.14
1990	6	8	8.14
1990	6	9	7.57
1990	6	10	6.66
1990	6	11	8.11
1990	6	12	7.05
1990	6	13	7.43
1990	6	14	6.02
1990	6	15	7.48
1990	6	16	6.37
1990	6	17	5.64
1990	6	18	6.27
1990	6	19	6.75
1990	6	20	6.14
1990	6	21	6.89
1990	6	22	6.59
1990	6	23	7.11
1990	6	24	5.45
1990	6	25	6.72
1990	6	26	6.7
1990	6	27	5.91
1990	6	28	5.33
1990	6	29	5.16
1990	6	30	5.4
1990	7	1	4.26
1990	7	2	4.24
1990	7	3	5.18
1990	7	4	3.98
1990	7	5	4.12
1990	7	6	3.97
1990	7	7	3.49
1990	7	8	3.46
1990	7	9	2.75
1990	7	10	3.71
1990	7	11	2.72
1990	7	12	2.46
1990	7	13	4.06
1990	7	14	2.91
1990	7	15	3.5
1990	7	16	2.97
1990	7	17	3.2
1990	7	18	2.98
1990	7	19	2.75
1990	7	20	2.77
1990	7	21	2.69
1990	7	22	2.46
1990	7	23	2.46
1990	7	24	2.54
1990	7	25	2.75
1990	7	26	2.47
1990	7	27	2.93
1990	7	28	3
1990	7	29	2.86
1990	7	30	2.66
1990	7	31	2.91
1990	8	1	2.86
1990	8	2	2.55
1990	8	3	2.2
1990	8	4	2.29
1990	8	5	2.28
1990	8	6	2.11
1990	8	7	3.13
1990	8	8	2.21
1990	8	9	1.86
1990	8	10	1.65
1990	8	11	1.7
1990	8	12	1.64
1990	8	13	1.57
1990	8	14	2.61
1990	8	15	2.39
1990	8	16	2.07
1990	8	17	1.94
1990	8	18	1.72
1990	8	19	1.4
1990	8	20	1.06
1990	8	21	1.11
1990	8	22	2
1990	8	23	1.75
1990	8	24	1.85
1990	8	25	1.15
1990	8	26	1.24
1990	8	27	0.8
1990	8	28	2.81
1990	8	29	1.49
1990	8	30	1.61
1990	8	31	0.96
1990	9	1	1.54
1990	9	2	1
1990	9	3	0.5
1990	9	4	0.64
1990	9	5	0.8
1990	9	6	0.63
1990	9	7	0.74
1990	9	8	0.78
1990	9	9	0.59
1990	9	10	0.24
1990	9	11	0.56
1990	9	12	0.36
1990	9	13	0.29
1990	9	14	0.26
1990	9	15	0.42
1990	9	16	0.41
1990	9	17	0.15
1990	9	18	0.18
1990	9	19	0.51
1990	9	20	0.15
1990	9	21	0.65
1990	9	22	0.52
1990	9	23	0.25
1990	9	24	0.09
1990	9	25	0.06
1990	9	26	0.37
1990	9	27	0.03
1990	9	28	0.03
1990	9	29	0.04
1990	9	30	0.02
1990	10	1	0.32
1990	10	2	0.68
1990	10	3	0.32
1990	10	4	1.05
1990	10	5	0.29
1990	10	6	0.01
1990	10	7	0.21
1990	10	8	0.05
1990	10	9	0.3
1990	10	10	0.1
1990	10	11	0.26
1990	10	12	0.04
1990	10	13	0.15
1990	10	14	8.19
1990	10	15	17.12
1990	10	16	8.03
1990	10	17	5.71
1990	10	18	15.55
1990	10	19	6.57
1990	10	20	5.03
1990	10	21	5.33
1990	10	22	6.33
1990	10	23	18.92
1990	10	24	17.12
1990	10	25	12.02
1990	10	26	15.07
1990	10	27	14.43
1990	10	28	13.36
1990	10	29	36.87
1990	10	30	52.19
1990	10	31	63.62
1990	11	1	44.64
1990	11	2	35.72
1990	11	3	28.75
1990	11	4	27.42
1990	11	5	25.29
1990	11	6	20.04
1990	11	7	20.76
1990	11	8	24.88
1990	11	9	28.75
1990	11	10	23.98
1990	11	11	23.43
1990	11	12	21.28
1990	11	13	18.71
1990	11	14	17.31
1990	11	15	16.73
1990	11	16	15.43
1990	11	17	14.78
1990	11	18	10.93
1990	11	19	9.99
1990	11	20	15.49
1990	11	21	20.11
1990	11	22	17.31
1990	11	23	19.62
1990	11	24	37.08
1990	11	25	33.39
1990	11	26	38.26
1990	11	27	30.4
1990	11	28	27.77
1990	11	29	7.41
1990	11	30	22.8
1990	12	1	20.76
1990	12	2	19.62
1990	12	3	18.44
1990	12	4	19.27
1990	12	5	17.31
1990	12	6	13.63
1990	12	7	14.08
1990	12	8	14.2
1990	12	9	13.97
1990	12	10	13.97
1990	12	11	15.43
1990	12	12	15.01
1990	12	13	11.97
1990	12	14	13.08
1990	12	15	11.57
1990	12	16	10.64
1990	12	17	10.98
1990	12	18	12.18
1990	12	19	11.42
1990	12	20	10.45
1990	12	21	9.85
1990	12	22	10.5
1990	12	23	8.97
1990	12	24	10.22
1990	12	25	13.03
1990	12	26	18.92
1990	12	27	24.22
1990	12	28	26.38
1990	12	29	37.51
1990	12	30	41.48
1990	12	31	65.6
1991	1	1	61.84
1991	1	2	57.09
1991	1	3	55.7
1991	1	4	51.66
1991	1	5	48.45
1991	1	6	75.54
1991	1	8	56.39
1991	1	9	47.82
1991	1	13	54.33
1991	1	14	57.09
1991	1	15	90.68
1991	1	16	87.88
1991	1	17	90.68
1991	1	19	90.68
1991	1	20	90.68
1991	1	21	86.59
1991	1	22	82.45
1991	1	23	78.94
1991	1	24	65.9
1991	1	25	58.5
1991	1	26	55.02
1991	1	27	52.32
1991	1	28	51.01
1991	1	29	54.33
1991	1	30	54.33
1991	1	31	48.45
1991	2	1	56.81
1991	2	2	67.76
1991	2	3	55.15
1991	2	4	51.66
1991	2	5	51.01
1991	2	6	52.46
1991	2	7	62.58
1991	2	8	67.61
1991	2	10	84.23
1991	2	11	70.62
1991	2	12	65.9
1991	2	13	62.13
1991	2	14	56.53
1991	2	15	54.74
1991	2	16	64.83
1991	2	17	58.5
1991	2	18	53.66
1991	2	19	52.59
1991	2	20	47.32
1991	2	21	48.57
1991	2	22	50.62
1991	2	23	48.45
1991	2	24	47.2
1991	2	25	46.58
1991	2	26	41.6
1991	2	27	40.92
1991	3	2	66.67
1991	3	3	54.47
1991	3	4	64.08
1991	3	5	81.38
1991	3	24	86.04
1991	3	25	80.68
1991	3	26	75.54
1991	3	27	70.46
1991	3	28	62.58
1991	3	29	59.22
1991	3	30	51.66
1991	3	31	48.45
1991	4	1	49.08
1991	4	2	46.95
1991	4	3	49.08
1991	4	4	52.32
1991	4	5	63.62
1991	4	6	52.99
1991	4	7	48.19
1991	4	8	46.58
1991	4	9	42.52
1991	4	10	39.8
1991	4	11	38.37
1991	4	12	37.83
1991	4	13	34.29
1991	4	14	32.89
1991	4	15	32.7
1991	4	16	33.29
1991	4	17	31.82
1991	4	18	31.34
1991	4	19	27.42
1991	4	20	23.43
1991	4	21	22.64
1991	4	22	21.8
1991	4	23	22.26
1991	4	24	21.43
1991	4	25	22.11
1991	4	26	23.98
1991	4	27	22.41
1991	4	28	22.88
1991	4	29	23.9
1991	4	30	22.72
1991	5	1	20.26
1991	5	2	21.5
1991	5	3	19.76
1991	5	4	17.71
1991	5	5	17.25
1991	5	6	16.36
1991	5	7	16.48
1991	5	8	15.68
1991	5	9	14.95
1991	5	10	15.01
1991	5	11	14.6
1991	5	12	13.58
1991	5	13	13.14
1991	5	14	12.49
1991	5	15	12.39
1991	5	16	11.22
1991	5	17	10.54
1991	5	18	9.81
1991	5	19	9.14
1991	5	20	8.93
1991	5	21	9.1
1991	5	22	7.22
1991	5	23	7.99
1991	5	24	7.22
1991	5	25	6.75
1991	5	26	5.36
1991	5	27	5.27
1991	5	28	6
1991	5	29	5.97
1991	5	30	5.64
1991	5	31	9.1
1991	6	1	9.23
1991	6	2	7.67
1991	6	3	9.49
1991	6	4	8.59
1991	6	5	7.75
1991	6	6	8.97
1991	6	7	10.17
1991	6	8	11.12
1991	6	9	9.14
1991	6	10	9.23
1991	6	11	8.55
1991	6	12	8.07
1991	6	13	7.22
1991	6	14	6.26
1991	6	15	6.3
1991	6	16	4.92
1991	6	17	5.55
1991	6	18	4.28
1991	6	19	4.05
1991	6	20	4.47
1991	6	21	3.82
1991	6	22	4.28
1991	6	23	2.96
1991	6	24	3.92
1991	6	25	3.13
1991	6	26	3.8
1991	6	27	3.67
1991	6	28	2.69
1991	6	29	3.17
1991	6	30	1.96
1991	7	1	2.32
1991	7	2	2.64
1991	7	3	2.23
1991	7	4	2.16
1991	7	5	2.36
1991	7	6	3.6
1991	7	7	2.41
1991	7	8	3.39
1991	7	9	3.65
1991	7	10	3.3
1991	7	11	3.15
1991	7	12	2.66
1991	7	13	2.47
1991	7	14	1.93
1991	7	15	0.84
1991	7	16	2.39
1991	7	17	1.76
1991	7	18	1.36
1991	7	19	1.65
1991	7	20	2.96
1991	7	21	2.81
1991	7	22	2.11
1991	7	23	4.33
1991	7	24	3.7
1991	7	25	2.47
1991	7	26	2.79
1991	7	27	3.17
1991	7	28	2.73
1991	7	29	2.28
1991	7	30	3.7
1991	7	31	4.05
1991	10	1	6
1991	10	2	5.24
1991	10	3	4.41
1991	10	4	4.07
1991	10	5	3.72
1991	10	6	2.77
1991	10	7	3.72
1991	10	8	3.82
1991	10	9	5.36
1991	10	10	4.77
1991	10	11	7.07
1991	10	12	6.79
1991	10	13	7.26
1991	10	14	9.19
1991	10	15	8.35
1991	10	16	7.45
1991	10	17	3.8
1991	10	18	3.04
1991	10	19	5.39
1991	10	20	4.15
1991	10	21	5.21
1991	10	22	4.75
1991	10	23	5.18
1991	10	24	4.18
1991	10	25	4.12
1991	10	26	5.77
1991	10	27	5.39
1991	10	28	10.78
1991	10	29	6.93
1991	10	30	5.24
1991	10	31	5.46
1991	11	1	5.46
1991	11	2	11.02
1991	11	3	34.79
1991	11	4	51.93
1991	11	5	23.9
1991	11	6	13.63
1991	11	7	10.54
1991	11	8	9.9
1991	11	9	7.99
1991	11	10	7
1991	11	11	7.71
1991	11	12	5.36
1991	11	13	1.12
1991	11	14	19.27
1991	11	15	52.06
1991	11	16	53.79
1991	11	17	34.59
1991	11	18	35.1
1991	11	19	38.48
1991	11	20	31.34
1991	11	21	26.81
1991	11	22	21.28
1991	11	23	18.85
1991	11	24	18.44
1991	11	25	55.7
1991	11	27	63.62
1991	11	28	51.4
1991	11	29	45.36
1991	11	30	38.91
1991	12	1	39.91
1991	12	2	36.66
1991	12	3	33.68
1991	12	4	26.55
1991	12	5	26.64
1991	12	6	27.59
1991	12	7	24.22
1991	12	8	25.04
1991	12	9	23.19
1991	12	10	22.11
1991	12	11	21.28
1991	12	12	20.19
1991	12	13	19.13
1991	12	14	16.8
1991	12	15	17.18
1991	12	16	18.17
1991	12	17	19.27
1991	12	18	17.57
1991	12	19	17.05
1991	12	20	16.99
1991	12	21	15.74
1991	12	22	14.03
1991	12	23	13.19
1991	12	24	13.69
1991	12	25	11.87
1991	12	26	13.91
1991	12	27	12.71
1991	12	28	12.92
1991	12	29	11.72
1991	12	30	11.02
1991	12	31	11.82
1992	1	1	10.78
1992	1	2	12.81
1992	1	3	10.64
1992	1	4	10.26
1992	1	5	8.97
1992	1	6	8.68
1992	1	7	9.94
1992	1	8	35.1
1992	1	9	60.66
1992	1	10	35.1
1992	1	11	25.79
1992	1	12	21.96
1992	1	13	21.21
1992	1	14	21.96
1992	1	15	19.69
1992	1	16	18.71
1992	1	17	18.78
1992	1	18	16.93
1992	1	19	14.72
1992	1	20	16.93
1992	1	21	16.93
1992	1	22	15.37
1992	1	23	15.61
1992	1	24	15.61
1992	1	25	15.19
1992	1	26	13.36
1992	1	27	12.34
1992	1	28	14.25
1992	1	29	13.63
1992	1	30	14.08
1992	1	31	13.74
1992	2	1	13.19
1992	2	2	12.13
1992	2	3	12.02
1992	2	4	13.47
1992	2	5	12.92
1992	2	6	12.65
1992	2	7	11.87
1992	2	8	11.62
1992	2	9	9.72
1992	2	10	9.72
1992	2	11	11.37
1992	2	12	17.64
1992	2	13	23.19
1992	2	14	17.38
1992	2	15	16.11
1992	2	16	13.19
1992	2	17	12.65
1992	2	18	13.74
1992	2	19	11.37
1992	2	20	10.64
1992	2	21	10.64
1992	2	22	10.17
1992	2	23	9.49
1992	2	24	9.14
1992	2	25	9.72
1992	2	26	9.27
1992	2	27	8.85
1992	2	28	8.85
1992	2	29	9.06
1992	3	1	9.06
1992	3	2	8.85
1992	3	3	8.85
1992	3	4	8.64
1992	3	5	7.45
1992	3	6	6.82
1992	3	7	7.91
1992	3	8	8.03
1992	3	9	8.03
1992	3	10	8.85
1992	3	11	9.49
1992	3	12	9.06
1992	3	13	8.64
1992	3	14	8.03
1992	3	15	7.45
1992	3	16	7.07
1992	3	17	7.07
1992	3	18	7.07
1992	3	19	7.64
1992	3	20	7.64
1992	3	21	7.64
1992	3	22	7.07
1992	3	23	6.3
1992	3	24	6.54
1992	3	25	6.71
1992	3	26	6.54
1992	3	27	6.54
1992	3	28	6.5
1992	3	29	5.84
1992	3	30	14.84
1992	3	31	21.58
1992	4	1	23.11
1992	4	2	45.48
1992	4	3	69.5
1992	4	4	45.97
1992	4	5	32.79
1992	4	6	28.84
1992	4	7	30.21
1992	4	8	26.64
1992	4	9	23.9
1992	4	10	23.11
1992	4	11	21.58
1992	4	12	18.37
1992	4	13	18.11
1992	4	14	17.71
1992	4	15	17.9
1992	4	16	17.77
1992	4	17	17.31
1992	4	18	16.04
1992	4	19	14.66
1992	4	20	15.8
1992	4	21	16.42
1992	4	22	16.11
1992	4	23	15.8
1992	4	24	15.74
1992	4	25	15.98
1992	4	26	14.08
1992	4	27	13.52
1992	4	28	14.9
1992	4	29	14.14
1992	4	30	13.58
1992	5	1	11.42
1992	5	2	11.42
1992	5	3	12.92
1992	5	4	11.02
1992	5	5	12.6
1992	5	6	12.28
1992	5	7	9.94
1992	5	8	11.17
1992	5	9	11.22
1992	5	10	8.72
1992	5	11	8.43
1992	5	12	8.03
1992	5	13	7.87
1992	5	14	8.23
1992	5	15	7.64
1992	5	16	8.23
1992	5	17	7.26
1992	5	18	7.07
1992	5	19	6.89
1992	5	20	5.8
1992	5	21	5.42
1992	5	22	6.37
1992	5	23	7.37
1992	5	24	13.08
1992	5	25	12.02
1992	5	26	10.17
1992	5	27	12.02
1992	5	28	25.12
1992	5	29	23.27
1992	5	30	17.25
1992	5	31	25.45
1992	6	1	23.11
1992	6	2	17.9
1992	6	3	17.9
1992	6	4	17.9
1992	6	5	16.99
1992	6	6	16.42
1992	6	7	15.19
1992	6	8	15.92
1992	6	9	16.8
1992	6	10	15.98
1992	6	11	15.49
1992	6	12	16.42
1992	6	13	15.49
1992	6	14	12.13
1992	6	15	11.87
1992	6	16	11.62
1992	6	17	11.37
1992	6	18	11.62
1992	6	19	11.87
1992	6	20	11.37
1992	6	21	11.12
1992	6	22	11.62
1992	6	23	12.39
1992	6	24	12.65
1992	6	25	12.92
1992	6	26	13.47
1992	6	27	12.65
1992	6	28	11.87
1992	6	29	11.87
1992	6	30	11.87
1992	7	1	11.37
1992	7	2	10.64
1992	7	3	10.17
1992	7	4	9.49
1992	7	5	9.06
1992	7	6	7.64
1992	7	7	5.87
1992	7	8	5.24
1992	7	9	5.09
1992	7	10	4.8
1992	7	11	4.52
1992	7	12	4.25
1992	7	13	4.12
1992	7	14	4
1992	7	15	3.75
1992	7	16	3.51
1992	7	17	3.39
1992	7	18	3.28
1992	7	19	3.39
1992	7	20	2.75
1992	7	21	3.17
1992	7	22	4.52
1992	7	23	4.25
1992	7	24	4.25
1992	7	25	4
1992	7	26	3.75
1992	7	27	3.75
1992	7	28	3.75
1992	7	29	2.96
1992	7	30	3.17
1992	7	31	4.52
1992	10	1	5.36
1992	10	2	4.95
1992	10	3	4.72
1992	10	4	3.35
1992	10	5	2.96
1992	10	6	3.82
1992	10	7	4.18
1992	10	8	4.39
1992	10	9	4.61
1992	10	10	3.87
1992	10	11	3.28
1992	10	12	3.82
1992	10	13	4.61
1992	10	14	4.07
1992	10	15	3.82
1992	10	16	6.89
1992	10	17	8.85
1992	10	18	7.26
1992	10	19	7.37
1992	10	20	7.07
1992	10	21	6.13
1992	10	22	6.13
1992	10	23	6.82
1992	10	24	7.15
1992	10	25	5.97
1992	10	26	6.13
1992	10	27	7.37
1992	10	28	13.08
1992	10	29	26.47
1992	10	30	45.36
1992	10	31	28.84
1992	11	1	15.43
1992	11	2	15.37
1992	11	3	14.6
1992	11	4	14.31
1992	11	5	13.36
1992	11	6	12.81
1992	11	7	14.03
1992	11	8	12.81
1992	11	9	13.19
1992	11	10	12.92
1992	11	11	13.19
1992	11	12	13.63
1992	11	13	12.65
1992	11	14	14.6
1992	11	15	24.14
1992	11	16	24.96
1992	11	17	20.47
1992	11	18	20.11
1992	11	19	19.62
1992	11	20	18.37
1992	11	21	17.38
1992	11	22	15.49
1992	11	23	14.49
1992	11	24	15.98
1992	11	25	17.9
1992	11	26	18.92
1992	11	27	18.37
1992	11	28	17.71
1992	11	29	17.05
1992	11	30	19.06
1992	12	1	21.43
1992	12	2	23.5
1992	12	3	33.09
1992	12	11	80.33
1992	12	12	72.23
1992	12	13	66.67
1992	12	14	67.14
1992	12	15	62.88
1992	12	16	79.46
1992	12	17	72.23
1992	12	18	65.14
1992	12	19	58.93
1992	12	20	52.06
1992	12	21	51.4
1992	12	22	45.97
1992	12	23	42.98
1992	12	24	38.26
1992	12	25	34.29
1992	12	26	39.02
1992	12	27	38.8
1992	12	28	37.94
1992	12	29	34.79
1992	12	30	32.11
1992	12	31	28.57
1993	1	1	29.75
1993	1	2	30.4
1993	1	3	27.24
1993	1	4	26.81
1993	1	5	25.37
1993	1	6	23.27
1993	1	7	23.27
1993	1	8	23.11
1993	1	9	21.8
1993	1	10	21.21
1993	1	11	22.34
1993	1	12	43.93
1993	1	13	48.19
1993	1	14	42.4
1993	1	15	36.87
1993	1	16	32.79
1993	1	17	30.21
1993	1	18	26.64
1993	1	19	24.71
1993	1	20	27.5
1993	1	21	25.54
1993	1	22	24.3
1993	1	23	23.9
1993	1	24	22.72
1993	1	25	24.3
1993	1	26	23.5
1993	1	27	22.72
1993	1	28	20.84
1993	1	29	22.72
1993	1	30	25.12
1993	1	31	22.11
1993	2	1	24.71
1993	2	2	21.21
1993	2	3	21.06
1993	2	4	20.47
1993	2	5	19.62
1993	2	6	19.97
1993	2	7	17.9
1993	2	8	18.37
1993	2	9	17.71
1993	2	10	19.62
1993	2	11	22.11
1993	2	12	19.62
1993	2	13	19.06
1993	2	14	19.62
1993	2	15	1.51
1993	2	16	20.11
1993	2	17	18.24
1993	2	18	16.61
1993	2	19	16.42
1993	2	20	15.19
1993	2	21	13.08
1993	2	22	12.92
1993	2	23	13.19
1993	2	24	13.63
1993	2	25	12.92
1993	2	26	12.49
1993	2	27	11.62
1993	2	28	10.88
1993	3	1	12.55
1993	3	2	11.27
1993	3	3	10.54
1993	3	4	10.64
1993	3	5	10.54
1993	3	6	9.63
1993	3	7	9.36
1993	3	8	8.97
1993	3	9	10.31
1993	3	10	10.64
1993	3	11	9.72
1993	3	12	11.27
1993	3	13	12.55
1993	3	14	12.02
1993	3	15	9.41
1993	3	16	10.78
1993	3	17	9.94
1993	3	18	9.85
1993	3	19	11.62
1993	3	20	11.77
1993	3	21	10.08
1993	3	22	10.4
1993	3	23	12.28
1993	3	24	12.28
1993	3	25	12.28
1993	3	26	11.37
1993	3	27	11.52
1993	3	28	10.88
1993	3	29	9.63
1993	3	30	8.97
1993	3	31	9.36
1993	4	1	10.12
1993	4	2	9.72
1993	4	3	10.17
1993	4	4	10.64
1993	4	5	9.41
1993	4	6	9.06
1993	4	7	9.94
1993	4	8	9.27
1993	4	9	9.63
1993	4	10	9.63
1993	4	11	10.88
1993	4	12	15.19
1993	4	13	23.66
1993	4	14	26.38
1993	4	15	21.8
1993	4	16	16.73
1993	4	17	18.04
1993	4	18	16.42
1993	4	19	15.37
1993	4	20	15.37
1993	4	21	22.72
1993	4	22	25.37
1993	4	23	29.48
1993	4	24	41.03
1993	4	25	48.45
1993	4	26	38.26
1993	4	27	34.79
1993	4	28	32.79
1993	4	29	28.12
1993	4	30	26.81
1993	5	1	26.3
1993	5	2	24.3
1993	5	3	25.12
1993	5	4	25.96
1993	5	5	21.96
1993	5	6	23.66
1993	5	7	24.14
1993	5	8	22.34
1993	5	9	23.11
1993	5	10	20.26
1993	5	11	21.8
1993	5	12	21.96
1993	5	13	23.66
1993	5	14	24.14
1993	5	15	23.27
1993	5	16	22.34
1993	5	17	27.95
1993	5	18	31.34
1993	5	19	28.84
1993	5	20	29.02
1993	5	21	27.24
1993	5	22	31.63
1993	5	23	45.36
1993	5	24	50.1
1993	5	25	45.72
1993	5	26	51.01
1993	5	27	74.37
1993	5	28	68.23
1993	5	29	64.08
1993	5	30	60.66
1993	5	31	56.12
1993	6	1	56.95
1993	6	2	55.43
1993	6	3	50.75
1993	6	4	47.2
1993	6	5	45.72
1993	6	6	44.76
1993	6	7	41.83
1993	6	8	40.69
1993	6	9	39.02
1993	6	10	40.13
1993	6	11	39.57
1993	6	12	37.4
1993	6	13	34.79
1993	6	14	29.02
1993	6	15	23.9
1993	6	16	20.62
1993	6	17	21.21
1993	6	18	16.93
1993	6	19	17.9
1993	6	20	15.98
1993	6	21	17.25
1993	6	22	18.04
1993	6	23	18.58
1993	6	24	18.37
1993	6	25	18.04
1993	6	26	15.37
1993	6	27	14.03
1993	6	28	17.57
1993	6	29	19.41
1993	6	30	20.33
1993	7	1	18.99
1993	7	2	16.93
1993	7	3	16.42
1993	7	4	12.39
1993	7	5	13.08
1993	7	6	14.9
1993	7	7	11.52
1993	7	8	8.15
1993	7	9	11.62
1993	7	10	11.02
1993	7	11	9.94
1993	7	12	10.78
1993	7	13	11.72
1993	7	14	9.85
1993	7	15	7.91
1993	7	16	7.45
1993	7	17	6.89
1993	7	18	5.39
1993	7	19	8.97
1993	7	20	8.72
1993	7	21	7.83
1993	7	22	7.15
1993	7	23	6.82
1993	7	24	6.89
1993	7	25	5.18
1993	7	26	10.4
1993	7	27	5.49
1993	7	28	5.55
1993	7	29	4.8
1993	7	30	3.82
1993	7	31	4.52
1993	8	1	3.44
1993	8	2	4.39
1993	8	3	5.97
1993	8	4	5.18
1993	8	5	3.92
1993	8	6	3.58
1993	8	7	3.58
1993	8	8	3.63
1993	8	9	3.7
1993	8	10	4.66
1993	8	11	4.61
1993	8	12	4.18
1993	8	13	4.75
1993	8	14	4.61
1993	8	15	3.44
1993	8	16	3.13
1993	8	17	4.12
1993	8	18	4.12
1993	8	19	3.39
1993	8	20	2.52
1993	8	21	1.92
1993	8	22	2.81
1993	8	23	3.06
1993	8	24	3.75
1993	8	25	3.58
1993	8	26	3.82
1993	8	27	2.92
1993	8	28	3.24
1993	8	29	2.52
1993	8	30	2.16
1993	8	31	3.02
1993	9	1	2.52
1993	9	2	2.66
1993	9	3	2.75
1993	9	4	2.66
1993	9	5	2.85
1993	9	6	2.43
1993	9	7	7.91
1993	9	8	14.49
1993	9	9	12.13
1993	9	10	11.87
1993	9	11	10.31
1993	9	12	11.02
1993	9	13	10.17
1993	9	14	12.28
1993	9	15	12.39
1993	9	16	12.28
1993	9	17	11.52
1993	9	18	12.02
1993	9	19	7.37
1993	9	20	6.64
1993	9	21	8.43
1993	9	22	10.4
1993	9	23	9.27
1993	9	24	8.97
1993	9	25	8.72
1993	9	26	6.13
1993	9	27	6.47
1993	9	28	6.47
1993	9	29	9.63
1993	9	30	10.4
1994	1	1	68.23
1994	1	2	73.05
1994	1	3	90.68
1994	1	23	86.96
1994	1	24	83.34
1994	1	25	79.81
1994	1	26	76.38
1994	1	27	66.67
1994	1	28	63.62
1994	1	29	62.13
1994	1	30	57.8
1994	1	31	56.39
1994	2	1	52.32
1994	2	2	52.32
1994	2	5	81.56
1994	2	6	69.82
1994	2	7	76.38
1994	2	8	73.05
1994	2	9	66.67
1994	2	10	63.62
1994	2	11	60.66
1994	2	12	57.8
1994	2	13	56.39
1994	2	14	63.62
1994	2	15	62.13
1994	2	16	57.8
1994	2	17	48.45
1994	2	18	49.72
1994	2	19	47.2
1994	2	20	60.66
1994	2	21	60.66
1994	2	22	66.67
1994	2	23	60.66
1994	2	24	62.13
1994	2	25	56.39
1994	2	26	55.02
1994	2	27	55.02
1994	2	28	69.82
1994	3	1	66.67
1994	3	2	63.62
1994	3	3	62.13
1994	3	4	60.66
1994	3	5	55.02
1994	3	6	52.32
1994	3	7	49.72
1994	3	8	48.45
1994	3	9	45.97
1994	3	10	43.57
1994	3	11	42.4
1994	3	12	39.02
1994	3	13	33.78
1994	3	14	30.87
1994	3	15	31.82
1994	3	16	31.82
1994	3	17	31.82
1994	3	18	29.94
1994	3	19	29.94
1994	3	20	26.38
1994	3	21	26.38
1994	3	22	23.9
1994	3	23	23.9
1994	3	24	24.71
1994	3	25	23.9
1994	3	26	23.9
1994	3	27	15.49
1994	3	28	18.71
1994	3	29	18.71
1994	3	30	20.11
1994	3	31	19.41
1994	4	1	23.9
1994	4	2	20.84
1994	4	3	19.41
1994	4	4	20.84
1994	4	5	17.38
1994	4	6	16.73
1994	4	7	22.34
1994	4	8	20.84
1994	4	9	18.04
1994	4	10	18.04
1994	4	11	18.04
1994	4	12	18.71
1994	4	13	18.04
1994	4	14	17.38
1994	4	15	14.9
1994	4	16	15.49
1994	4	17	11.62
1994	4	18	12.65
1994	4	19	10.64
1994	4	20	9.27
1994	4	21	9.72
1994	4	22	13.74
1994	4	23	16.11
1994	4	24	26.38
1994	4	25	24.71
1994	4	26	21.58
1994	4	27	20.84
1994	4	28	12.65
1994	4	29	8.43
1994	4	30	14.31
1994	5	1	11.12
1994	5	2	11.62
1994	5	3	7.26
1994	5	4	14.9
1994	5	5	7.64
1994	5	6	7.26
1994	5	7	12.65
1994	5	8	10.17
1994	5	9	11.62
1994	5	10	11.12
1994	5	11	13.19
1994	5	12	16.73
1994	5	13	21.58
1994	5	14	34.79
1994	5	15	31.82
1994	5	16	28.12
1994	5	17	39.02
1994	5	18	39.02
1994	5	19	65.14
1994	5	20	65.14
1994	5	22	86.96
1994	5	25	81.56
1994	5	26	76.38
1994	5	27	69.82
1994	5	28	65.14
1994	5	29	62.13
1994	5	30	59.22
1994	5	31	51.01
1994	6	1	47.2
1994	6	2	44.76
1994	6	3	45.97
1994	6	4	42.4
1994	6	5	26.38
1994	6	6	24.71
1994	6	7	29.02
1994	6	8	26.38
1994	6	9	23.9
1994	6	10	22.34
1994	6	11	20.84
1994	6	12	18.71
1994	6	13	20.84
1994	6	14	18.04
1994	6	15	17.38
1994	6	16	18.04
1994	6	17	18.04
1994	6	18	20.11
1994	6	19	18.71
1994	6	20	19.41
1994	6	21	12.65
1994	6	22	7.64
1994	6	23	8.85
1994	6	24	8.03
1994	6	25	11.12
1994	6	26	6.54
1994	6	27	10.64
1994	6	28	6.54
1994	6	29	5.55
1994	6	30	4.95
1994	7	1	5.55
1994	7	2	5.87
1994	7	3	3.87
1994	7	4	5.24
1994	7	5	5.24
1994	7	6	5.24
1994	7	7	4.66
1994	7	8	3.87
1994	7	9	4.95
1994	7	10	2.56
1994	7	11	2.37
1994	7	12	3.17
1994	7	13	3.63
1994	7	14	3.87
1994	7	15	3.87
1994	7	16	3.87
1994	7	17	2.56
1994	7	18	2.96
1994	7	19	4.12
1994	7	20	3.17
1994	7	21	3.39
1994	7	22	2.75
1994	7	23	3.39
1994	7	24	2.2
1994	7	25	3.63
1994	7	26	3.63
1994	7	27	2.96
1994	7	28	1.87
1994	7	29	1.87
1994	7	30	1.87
1994	7	31	2.56
1994	8	1	1.57
1994	8	2	2.75
1994	8	3	3.39
1994	8	4	1.72
1994	8	5	1.57
1994	8	6	1.57
1994	8	7	2.2
1994	8	8	1.19
1994	8	9	2.96
1994	8	10	6.2
1994	8	11	6.2
1994	8	12	4.66
1994	8	13	6.89
1994	8	14	3.87
1994	8	15	3.87
1994	8	16	3.17
1994	8	17	3.39
1994	8	18	6.89
1994	8	19	4.12
1994	8	20	4.95
1994	8	21	2.75
1994	8	22	2.03
1994	8	23	3.17
1994	8	24	3.63
1994	8	25	5.24
1994	8	26	5.87
1994	8	27	4.39
1994	8	28	2.37
1994	8	29	1.57
1994	8	30	1.57
1994	8	31	4.66
1994	9	1	3.39
1994	9	2	5.24
1994	9	3	4.95
1994	9	4	4.39
1994	9	5	1.57
1994	9	6	2.2
1994	9	7	2.75
1994	9	8	2.56
1994	9	9	3.39
1994	9	10	2.75
1994	9	11	2.56
1994	9	12	2.56
1994	9	13	3.87
1994	9	14	6.89
1994	9	15	6.54
1994	9	16	5.55
1994	9	17	8.85
1994	9	18	2.96
1994	9	19	5.55
1994	9	20	2.03
1994	9	21	7.26
1994	9	22	6.89
1994	9	23	4.66
1994	9	24	5.55
1994	9	25	2.96
1994	9	26	5.24
1994	9	27	4.95
1994	9	28	6.54
1994	9	29	0.7
1994	9	30	4.12
1994	10	1	9.27
1994	10	2	2.56
1994	10	3	2.2
1994	10	4	7.64
1994	10	5	5.24
1994	10	6	4.95
1994	10	7	3.87
1994	10	8	3.39
1994	10	9	2.56
1994	10	10	4.12
1994	10	11	6.2
1994	10	12	4.12
1994	10	13	4.39
1994	10	14	5.55
1994	10	15	8.85
1994	10	16	5.24
1994	10	17	3.17
1994	10	18	4.95
1994	10	19	9.27
1994	10	20	6.89
1994	10	21	6.2
1994	10	22	27.24
1994	10	23	21.58
1994	10	24	12.65
1994	10	25	20.84
1994	10	26	16.11
1994	10	27	16.73
1994	10	28	17.38
1994	10	29	14.9
1994	10	30	12.65
1994	10	31	12.13
1994	11	1	13.74
1994	11	2	20.11
1994	11	3	25.54
1994	11	4	32.79
1994	11	5	23.11
1994	11	6	28.12
1994	11	8	55.02
1994	11	11	79.81
1994	11	12	81.56
1994	11	13	62.13
1994	11	14	55.02
1994	11	15	48.45
1994	11	16	39.02
1994	11	17	39.02
1994	11	18	39.02
1994	11	19	35.82
1994	11	20	33.78
1994	11	21	29.94
1994	11	22	28.12
1994	11	23	21.58
1994	11	24	28.12
1994	11	25	19.41
1994	11	26	27.24
1994	11	27	25.54
1994	11	28	25.54
1994	11	29	24.71
1994	11	30	24.71
1994	12	1	23.11
1994	12	2	23.9
1994	12	3	21.58
1994	12	4	24.71
1994	12	5	44.76
1994	12	6	31.82
1994	12	7	35.82
1994	12	8	31.82
1994	12	9	31.82
1994	12	10	43.57
1994	12	11	34.79
1994	12	12	32.79
1994	12	13	30.87
1994	12	14	28.12
1994	12	15	28.12
1994	12	16	27.24
1994	12	17	26.38
1994	12	18	28.12
1994	12	19	28.12
1994	12	20	26.38
1994	12	21	26.38
1994	12	22	25.54
1994	12	23	26.38
1994	12	24	22.34
1994	12	25	12.65
1994	12	26	15.43
1994	12	27	20.11
1994	12	28	17.38
1994	12	29	19.41
1994	12	30	53.66
1995	1	2	34.79
1995	1	3	65.14
1995	1	4	60.66
1995	1	5	57.8
1995	1	6	57.8
1995	1	7	49.72
1995	1	8	47.2
1995	1	9	45.97
1995	1	10	40.13
1995	1	11	43.57
1995	1	12	37.94
1995	1	13	36.87
1995	1	14	34.79
1995	1	15	33.78
1995	1	16	32.79
1995	1	17	36.87
1995	1	18	76.38
1995	1	19	57.8
1995	1	21	76.38
1995	1	22	74.71
1995	2	3	88.81
1995	2	4	81.56
1995	2	5	74.71
1995	2	6	73.05
1995	2	7	68.23
1995	2	8	81.56
1995	2	11	79.81
1995	2	28	85.13
1995	3	1	78.08
1995	3	2	79.81
1995	3	3	88.81
1995	3	4	83.34
1995	3	7	85.13
1995	3	8	88.81
1995	3	9	81.56
1995	3	10	76.38
1995	3	11	76.38
1995	3	12	66.67
1995	3	13	66.67
1995	3	14	63.62
1995	3	15	60.66
1995	3	16	57.8
1995	3	17	57.8
1995	3	18	55.02
1995	3	19	55.02
1995	3	20	52.32
1995	3	21	49.72
1995	3	22	47.2
1995	3	23	44.76
1995	3	24	43.57
1995	3	25	42.4
1995	3	26	41.26
1995	3	27	40.13
1995	3	28	35.82
1995	3	29	32.79
1995	3	30	31.82
1995	3	31	29.94
1995	4	1	29.02
1995	4	2	27.24
1995	4	3	27.24
1995	4	4	26.38
1995	4	5	26.38
1995	4	6	21.58
1995	4	7	24.71
1995	4	8	20.11
1995	4	9	18.04
1995	4	10	17.38
1995	4	11	20.11
1995	4	12	22.34
1995	4	13	18.71
1995	4	14	18.71
1995	4	15	16.11
1995	4	16	7.64
1995	4	17	11.62
1995	4	18	19.41
1995	4	19	17.38
1995	4	20	18.04
1995	4	21	17.38
1995	4	22	19.41
1995	4	23	18.04
1995	4	24	18.04
1995	4	25	14.31
1995	4	26	20.84
1995	4	27	13.19
1995	4	28	20.84
1995	4	29	20.84
1995	4	30	14.31
1995	5	1	12.13
1995	5	2	18.04
1995	5	3	18.04
1995	5	4	16.11
1995	5	5	16.73
1995	5	6	16.73
1995	5	7	11.62
1995	5	8	23.9
1995	5	9	17.38
1995	5	10	17.38
1995	5	11	19.41
1995	5	12	26.38
1995	5	13	22.34
1995	5	14	18.71
1995	5	15	18.71
1995	5	16	41.26
1995	5	17	37.94
1995	5	18	76.38
1995	5	19	42.4
1995	5	20	40.13
1995	5	21	34.79
1995	5	22	31.82
1995	5	23	29.02
1995	5	24	26.38
1995	5	25	23.11
1995	5	26	24.71
1995	5	27	25.54
1995	5	28	23.11
1995	5	29	19.41
1995	5	30	19.41
1995	5	31	20.11
1995	6	1	17.38
1995	6	2	17.38
1995	6	3	16.73
1995	6	4	14.31
1995	6	5	13.74
1995	6	6	12.13
1995	6	7	14.9
1995	6	8	10.17
1995	6	9	17.38
1995	6	10	16.11
1995	6	11	8.85
1995	6	12	8.85
1995	6	13	7.64
1995	6	14	11.62
1995	6	15	8.85
1995	6	16	12.65
1995	6	17	14.31
1995	6	18	16.11
1995	6	19	13.74
1995	6	20	8.43
1995	6	21	7.26
1995	6	22	8.43
1995	6	23	10.64
1995	6	24	12.13
1995	6	25	10.17
1995	6	26	7.64
1995	6	27	8.43
1995	6	28	8.85
1995	6	29	8.03
1995	6	30	7.64
1995	7	1	6.89
1995	7	2	6.54
1995	7	3	9.27
1995	7	4	8.85
1995	7	5	11.62
1995	7	6	19.41
1995	7	7	31.82
1995	7	8	14.31
1995	7	9	13.74
1995	7	10	18.71
1995	7	11	18.04
1995	7	12	18.71
1995	7	13	16.73
1995	7	14	19.41
1995	7	15	18.04
1995	7	16	18.04
1995	7	17	16.11
1995	7	18	20.11
1995	7	19	15.49
1995	7	20	15.49
1995	7	21	11.12
1995	7	22	13.74
1995	7	23	14.9
1995	7	24	9.72
1995	7	25	15.49
1995	7	26	7.64
1995	7	27	11.62
1995	7	28	10.64
1995	7	29	10.64
1995	7	30	11.62
1995	7	31	6.54
1995	8	1	12.13
1995	8	2	9.72
1995	8	3	8.43
1995	8	4	4.66
1995	8	5	10.17
1995	8	6	11.12
1995	8	7	8.03
1995	8	8	10.17
1995	8	9	9.72
1995	8	10	8.43
1995	8	11	13.19
1995	8	12	9.72
1995	8	14	4.66
1995	8	15	8.43
1995	8	16	4.95
1995	8	17	7.26
1995	8	18	7.64
1995	8	19	4.95
1995	8	20	4.95
1995	8	21	3.39
1995	8	22	11.62
1995	8	23	5.87
1995	8	24	3.39
1995	8	25	5.55
1995	8	26	3.87
1995	8	27	6.2
1995	8	28	5.87
1995	8	29	10.64
1995	8	30	10.64
1995	8	31	7.64
1995	9	1	8.43
1995	9	2	9.72
1995	9	3	7.26
1995	9	4	8.43
1995	9	5	11.12
1995	9	6	18.04
1995	9	7	20.84
1995	9	8	19.41
1995	9	9	17.38
1995	9	10	16.11
1995	9	11	18.71
1995	9	12	11.62
1995	9	13	14.31
1995	9	14	13.74
1995	9	15	13.74
1995	9	16	12.65
1995	9	17	12.65
1995	9	18	12.65
1995	9	19	11.12
1995	9	20	11.12
1995	9	21	11.62
1995	9	22	11.12
1995	9	23	12.13
1995	9	24	8.43
1995	9	25	10.64
1995	9	26	11.62
1995	9	27	11.62
1995	9	28	10.64
1995	9	29	12.13
1995	9	30	11.12
1995	10	1	10.64
1995	10	2	9.72
1995	10	3	10.17
1995	10	4	10.64
1995	10	5	11.62
1995	10	6	11.12
1995	10	7	9.72
1995	10	8	10.17
1995	10	9	8.03
1995	10	10	6.89
1995	10	11	10.64
1995	10	12	10.17
1995	10	13	10.17
1995	10	14	10.17
1995	10	15	11.12
1995	10	16	8.03
1995	10	17	10.64
1995	10	18	6.89
1995	10	19	3.17
1995	10	20	7.64
1995	10	21	8.85
1995	10	22	8.03
1995	10	23	2.75
1995	10	24	9.27
1995	10	25	11.12
1995	10	26	8.85
1995	10	27	15.49
1995	10	28	6.54
1995	10	29	10.17
1995	10	30	8.03
1995	10	31	6.89
1995	11	1	5.87
1995	11	2	5.87
1995	11	3	4.39
1995	11	4	4.95
1995	11	5	4.12
1995	11	6	3.39
1995	11	7	3.39
1995	11	8	4.39
1995	11	9	6.2
1995	11	10	11.62
1995	11	11	81.56
1995	11	12	23.9
1995	11	13	29.02
1995	11	14	74.71
1995	11	17	68.23
1995	11	19	74.71
1995	11	20	57.8
1995	11	21	71.42
1995	11	22	71.42
1995	11	23	57.8
1995	11	24	43.57
1995	11	25	49.72
1995	11	26	68.23
1995	11	27	66.67
1995	11	30	83.34
1995	12	1	60.66
1995	12	2	57.8
1995	12	3	56.39
1995	12	4	55.02
1995	12	5	45.97
1995	12	6	47.2
1995	12	7	52.32
1995	12	8	41.26
1995	12	9	44.76
1995	12	10	44.76
1995	12	11	49.72
1995	12	12	34.79
1995	12	13	47.2
1995	12	14	56.39
1995	12	15	57.8
1995	12	16	49.72
1995	12	17	44.76
1995	12	18	44.76
1995	12	19	40.13
1995	12	20	44.76
1995	12	21	49.72
1995	12	23	73.05
1996	2	4	31.82
1996	2	21	90.68
1996	2	22	85.13
1996	2	23	79.81
1996	2	24	76.38
1996	2	25	76.38
1996	2	26	90.68
1996	2	27	81.56
1996	3	1	79.81
1996	3	2	76.38
1996	3	3	68.23
1996	3	4	66.67
1996	3	5	59.22
1996	3	6	62.13
1996	3	7	63.62
1996	3	8	63.62
1996	3	9	65.14
1996	3	10	63.62
1996	3	11	63.62
1996	3	12	48.45
1996	3	13	66.67
1996	3	14	63.62
1996	3	15	60.66
1996	3	16	63.62
1996	3	17	62.13
1996	3	18	59.22
1996	3	19	74.71
1996	3	20	56.39
1996	3	21	63.62
1996	3	22	63.62
1996	3	23	60.66
1996	3	24	62.13
1996	3	25	56.39
1996	3	26	56.39
1996	3	27	62.13
1996	3	28	55.02
1996	3	29	53.66
1996	3	30	53.66
1996	3	31	52.32
1996	4	2	76.38
1996	4	3	66.67
1996	4	4	52.32
1996	4	5	60.66
1996	4	6	60.66
1996	4	7	57.8
1996	4	8	56.39
1996	4	9	52.32
1996	4	10	49.72
1996	4	11	49.72
1996	4	12	48.45
1996	4	13	47.2
1996	4	14	44.76
1996	4	15	45.97
1996	4	16	44.76
1996	4	17	40.13
1996	4	18	40.13
1996	4	19	37.94
1996	4	20	37.94
1996	4	21	37.94
1996	4	22	43.57
1996	4	23	52.32
1996	4	24	56.39
1996	4	25	48.45
1996	4	26	55.02
1996	4	27	60.66
1996	4	28	33.78
1996	4	29	32.79
1996	4	30	27.24
1996	5	1	36.34
1996	5	2	47.82
1996	5	3	43.57
1996	5	4	41.26
1996	5	5	41.26
1996	5	6	41.26
1996	5	7	44.16
1996	5	8	41.83
1996	5	9	42.4
1996	5	10	41.26
1996	5	11	40.69
1996	5	12	36.34
1996	5	13	26.38
1996	5	14	40.69
1996	5	15	33.78
1996	5	16	37.94
1996	5	17	39.57
1996	5	18	62.88
1996	5	19	63.62
1996	5	20	54.33
1996	5	21	57.8
1996	5	22	56.39
1996	5	23	55.7
1996	5	24	51.01
1996	5	25	44.16
1996	5	26	39.57
1996	5	27	34.29
1996	5	28	35.3
1996	5	29	37.94
1996	5	30	36.87
1996	5	31	24.71
1996	6	1	30.87
1996	6	2	29.94
1996	6	3	26.38
1996	6	4	24.71
1996	6	5	27.68
1996	6	6	25.96
1996	6	7	24.71
1996	6	8	23.11
1996	6	9	22.72
1996	6	10	20.11
1996	6	11	14.03
1996	6	12	19.76
1996	6	13	22.72
1996	6	14	19.41
1996	6	15	18.71
1996	6	16	17.71
1996	6	17	13.19
1996	6	18	17.05
1996	6	19	20.84
1996	6	20	19.76
1996	6	21	21.96
1996	6	22	18.37
1996	6	23	16.73
1996	6	24	16.42
1996	6	25	12.13
1996	6	26	17.71
1996	6	27	14.31
1996	6	28	12.65
1996	6	29	9.72
1996	6	30	8.64
1996	7	1	8.23
1996	7	2	5.87
1996	7	3	6.03
1996	7	4	7.45
1996	7	5	9.27
1996	7	6	11.87
1996	7	7	9.27
1996	7	8	9.94
1996	7	9	10.4
1996	7	10	9.06
1996	7	11	8.03
1996	7	12	11.62
1996	7	13	9.72
1996	7	14	8.64
1996	7	15	5.71
1996	7	16	4.66
1996	7	17	5.39
1996	7	18	5.55
1996	7	19	5.09
1996	7	20	4.95
1996	7	21	4.95
1996	7	22	4.95
1996	7	23	4.66
1996	7	24	5.87
1996	7	25	5.09
1996	7	26	4.8
1996	7	27	5.39
1996	7	28	4.8
1996	7	29	4.66
1996	7	30	4
1996	7	31	3.75
1996	8	1	4
1996	8	2	4.12
1996	8	3	4.12
1996	8	4	3.75
1996	8	5	3.75
1996	8	6	4
1996	8	7	8.03
1996	8	8	5.87
1996	8	9	5.87
1996	8	10	6.2
1996	8	11	4.95
1996	8	12	3.28
1996	8	13	2.2
1996	8	14	1.79
1996	8	15	1.13
1996	8	16	0.97
1996	8	17	2.28
1996	8	18	2.56
1996	8	19	1.37
1996	8	20	1.65
1996	8	21	1.95
1996	8	22	0.78
1996	8	23	2.66
1996	8	24	5.87
1996	8	25	5.87
1996	8	26	4.12
1996	8	27	5.87
1996	8	28	4.95
1996	8	29	5.55
1996	8	30	4.39
1996	8	31	5.09
1996	9	1	5.09
1996	9	2	4
1996	9	3	4.39
1996	9	4	3.28
1996	9	5	3.17
1996	9	6	4
1996	9	7	4.25
1996	9	8	4.39
1996	9	9	3.28
1996	9	10	4.12
1996	9	11	4.52
1996	9	12	4.95
1996	9	13	4.8
1996	9	14	6.2
1996	9	15	4.95
1996	9	16	4.8
1996	9	17	8.23
1996	9	18	11.62
1996	9	19	10.4
1996	9	20	9.72
1996	9	21	12.92
1996	9	22	10.17
1996	9	23	8.64
1996	9	24	9.94
1996	9	25	8.85
1996	9	26	9.27
1996	9	27	9.49
1996	9	28	9.27
1996	9	29	7.64
1996	9	30	8.03
1996	10	1	9.72
1996	10	2	9.27
1996	10	3	9.49
1996	10	4	8.23
1996	10	5	8.43
1996	10	6	7.83
1996	10	7	5.71
1996	10	8	8.64
1996	10	9	6.71
1996	10	10	7.64
1996	10	11	9.49
1996	10	12	8.85
1996	10	13	10.88
1996	10	14	9.94
1996	10	15	11.12
1996	10	16	10.88
1996	10	17	12.92
1996	10	18	18.71
1996	10	19	16.42
1996	10	20	14.03
1996	10	21	12.92
1996	10	22	12.39
1996	10	23	10.64
1996	10	24	12.13
1996	10	25	10.88
1996	10	26	10.88
1996	10	27	8.85
1996	10	28	9.49
1996	10	29	9.94
1996	10	30	11.87
1996	10	31	11.37
1996	11	1	9.49
1996	11	2	8.64
1996	11	3	9.06
1996	11	4	9.27
1996	11	5	13.19
1996	11	6	11.87
1996	11	7	11.12
1996	11	8	10.64
1996	11	9	10.4
1996	11	10	9.72
1996	11	11	21.58
1996	11	12	26.81
1996	11	13	15.8
1996	11	14	15.8
1996	11	15	15.19
1996	11	16	14.31
1996	11	17	11.12
1996	11	18	12.92
1996	11	19	17.05
1996	11	20	32.31
1996	11	21	37.94
1996	11	22	72.23
1996	11	25	87.88
1996	11	26	86.04
1996	11	27	78.08
1996	11	28	72.23
1996	11	29	69.02
1996	11	30	67.45
1996	12	1	64.38
1996	12	2	62.13
1996	12	3	50.36
1996	12	4	51.66
1996	12	5	47.2
1996	12	6	44.16
1996	12	7	40.69
1996	12	8	32.31
1996	12	9	26.81
1996	12	10	37.94
1996	12	11	41.83
1996	12	12	40.69
1996	12	13	59.22
1996	12	14	62.88
1996	12	15	41.26
1996	12	16	41.83
1996	12	30	90.68
1996	12	31	76.38
1997	1	1	72.23
1997	1	2	86.04
1997	1	4	75.54
1997	1	5	64.38
1997	1	6	58.5
1997	1	7	85.13
1997	1	15	80.68
1997	1	16	88.81
1997	1	20	87.88
1997	1	22	89.74
1997	1	23	84.23
1997	1	24	80.68
1997	1	25	76.38
1997	1	26	68.23
1997	1	27	52.99
1997	1	28	57.8
1997	1	29	59.22
1997	1	30	65.9
1997	1	31	65.9
1997	2	1	62.13
1997	2	2	60.66
1997	2	3	50.36
1997	2	4	55.7
1997	2	5	52.99
1997	2	6	52.32
1997	2	7	50.36
1997	2	8	47.82
1997	2	9	48.45
1997	2	10	39.57
1997	2	11	47.82
1997	2	12	40.69
1997	2	13	53.66
1997	2	14	69.82
1997	2	15	72.23
1997	2	16	56.39
1997	2	17	59.94
1997	2	18	61.4
1997	2	19	60.66
1997	2	20	59.94
1997	2	21	57.8
1997	2	22	57.09
1997	2	23	49.08
1997	2	24	39.57
1997	2	25	79.81
1997	2	26	85.13
1997	2	27	72.23
1997	2	28	69.82
1997	3	3	41.83
1997	3	4	54.33
1997	3	5	54.33
1997	3	6	52.32
1997	3	7	52.32
1997	3	8	47.2
1997	3	9	38.48
1997	3	10	29.94
1997	3	11	42.98
1997	3	12	41.26
1997	3	13	39.02
1997	3	14	37.94
1997	3	15	35.3
1997	3	16	29.94
1997	3	17	23.9
1997	3	18	31.82
1997	3	19	31.82
1997	3	20	31.34
1997	3	21	29.94
1997	3	22	29.48
1997	3	23	26.81
1997	3	24	19.06
1997	3	25	28.12
1997	3	26	27.68
1997	3	27	24.71
1997	3	28	26.38
1997	3	29	18.37
1997	3	30	18.04
1997	3	31	19.06
1997	4	1	22.72
1997	4	2	22.72
1997	4	3	20.47
1997	4	4	21.58
1997	4	5	18.71
1997	4	6	15.8
1997	4	7	15.8
1997	4	8	19.41
1997	4	9	18.04
1997	4	10	17.71
1997	4	11	14.9
1997	4	12	13.74
1997	4	13	13.74
1997	4	14	13.74
1997	4	15	15.49
1997	4	16	14.31
1997	4	17	18.71
1997	4	18	20.84
1997	4	19	31.82
1997	4	20	20.84
1997	4	21	21.96
1997	4	22	20.47
1997	4	23	21.21
1997	4	24	20.47
1997	4	25	21.96
1997	4	26	18.37
1997	4	27	19.41
1997	4	28	19.76
1997	4	29	20.84
1997	4	30	21.58
1997	5	1	17.05
1997	5	2	14.6
1997	5	3	16.73
1997	5	4	14.6
1997	5	5	21.58
1997	5	6	36.87
1997	5	7	31.82
1997	5	8	27.24
1997	5	9	25.96
1997	5	10	28.12
1997	5	11	26.38
1997	5	12	21.58
1997	5	13	22.34
1997	5	14	22.34
1997	5	15	21.96
1997	5	16	21.96
1997	5	17	25.12
1997	5	18	23.11
1997	5	19	30.4
1997	5	20	65.9
1997	5	21	47.82
1997	5	22	37.94
1997	5	23	36.34
1997	5	24	39.02
1997	5	25	41.83
1997	5	26	29.02
1997	5	27	39.57
1997	5	28	33.78
1997	5	29	29.02
1997	5	30	30.87
1997	5	31	49.72
1997	6	1	34.79
1997	6	2	35.82
1997	6	3	48.45
1997	6	4	47.2
1997	6	5	45.97
1997	6	6	55.7
1997	6	7	70.62
1997	6	8	73.88
1997	6	9	64.38
1997	6	10	62.13
1997	6	11	66.67
1997	6	12	65.14
1997	6	13	57.09
1997	6	14	55.7
1997	6	15	52.99
1997	6	16	36.87
1997	6	17	47.2
1997	6	18	44.76
1997	6	19	45.36
1997	6	20	39.02
1997	6	21	41.26
1997	6	22	31.82
1997	6	23	27.68
1997	6	24	30.87
1997	6	25	34.29
1997	6	26	31.34
1997	6	27	28.12
1997	6	28	27.68
1997	6	29	19.41
1997	6	30	19.76
1997	7	1	32.31
1997	7	2	32.31
1997	7	3	18.37
1997	7	4	16.73
1997	7	5	23.5
1997	7	6	23.11
1997	7	7	15.19
1997	7	8	21.96
1997	7	9	25.12
1997	7	10	24.3
1997	7	11	23.9
1997	7	12	22.72
1997	7	13	19.06
1997	7	14	13.74
1997	7	15	16.42
1997	7	16	27.68
1997	7	17	24.71
1997	7	18	19.06
1997	7	19	14.9
1997	7	20	10.88
1997	7	21	11.12
1997	7	22	12.39
1997	7	23	14.03
1997	7	24	13.74
1997	7	25	11.62
1997	7	26	14.31
1997	7	27	9.06
1997	7	28	9.49
1997	7	29	9.94
1997	7	30	10.4
1997	7	31	8.85
1997	8	1	10.88
1997	8	2	9.49
1997	8	3	8.64
1997	8	4	6.71
1997	8	5	8.43
1997	8	6	9.27
1997	8	7	13.47
1997	8	8	13.19
1997	8	9	11.62
1997	8	10	10.88
1997	8	11	9.06
1997	8	12	9.72
1997	8	13	9.72
1997	8	14	11.12
1997	8	15	9.27
1997	8	16	9.49
1997	8	17	9.06
1997	8	18	8.85
1997	8	19	7.07
1997	8	20	10.4
1997	8	21	8.43
1997	8	22	9.49
1997	8	23	9.49
1997	8	24	8.64
1997	8	25	7.07
1997	8	26	8.03
1997	8	27	18.04
1997	8	28	18.04
1997	8	29	14.9
1997	8	30	14.31
1997	8	31	10.88
1997	9	1	9.94
1997	9	2	11.12
1997	9	3	13.19
1997	9	4	12.39
1997	9	5	11.87
1997	9	6	9.94
1997	9	7	8.64
1997	9	8	7.64
1997	9	9	8.85
1997	9	10	8.03
1997	9	11	8.23
1997	9	12	6.54
1997	9	13	9.27
1997	9	14	6.89
1997	9	15	7.45
1997	9	16	8.23
1997	9	17	8.03
1997	9	18	7.45
1997	9	19	8.43
1997	9	20	7.26
1997	9	21	6.89
1997	9	22	6.71
1997	9	23	8.64
1997	9	24	8.03
1997	9	25	7.83
1997	9	26	7.83
1997	9	27	8.03
1997	9	28	6.71
1997	9	29	8.03
1997	9	30	8.03
1997	10	1	7.45
1997	10	2	7.83
1997	10	3	7.07
1997	10	4	7.64
1997	10	5	6.89
1997	10	6	7.45
1997	10	7	7.26
1997	10	8	8.23
1997	10	9	9.06
1997	10	10	7.64
1997	10	11	12.65
1997	10	12	11.62
1997	10	13	9.27
1997	10	14	9.49
1997	10	15	11.12
1997	10	16	11.12
1997	10	17	11.87
1997	10	18	16.73
1997	10	19	27.24
1997	10	20	44.16
1997	10	21	53.66
1997	10	22	30.4
1997	10	23	20.47
1997	10	24	19.41
1997	10	25	16.42
1997	10	26	15.19
1997	10	27	24.3
1997	10	28	29.02
1997	10	29	29.48
1997	10	30	29.02
1997	10	31	24.71
1997	11	1	24.3
1997	11	2	18.71
1997	11	3	23.11
1997	11	4	43.57
1997	11	5	49.08
1997	11	6	42.98
1997	11	7	55.02
1998	1	31	86.04
1998	2	1	82.45
1998	2	2	85.13
1998	2	3	82.45
1998	2	4	77.23
1998	2	5	73.88
1998	2	6	70.62
1998	2	7	67.45
1998	2	8	62.88
1998	2	9	57.09
1998	2	10	62.88
1998	2	11	58.5
1998	2	12	50.36
1998	2	13	52.32
1998	2	14	50.36
1998	2	15	45.97
1998	2	16	35.82
1998	2	17	45.36
1998	2	18	44.16
1998	2	19	45.36
1998	2	20	44.16
1998	2	21	59.94
1998	2	22	53.66
1998	2	23	39.02
1998	2	24	45.97
1998	2	25	35.3
1998	2	26	40.69
1998	2	27	39.57
1998	2	28	40.13
1998	3	1	29.94
1998	3	2	29.48
1998	3	3	36.34
1998	3	4	35.82
1998	3	5	36.34
1998	3	6	33.78
1998	3	7	31.82
1998	3	8	25.54
1998	3	9	25.12
1998	3	10	29.02
1998	3	11	25.96
1998	3	12	26.38
1998	3	13	24.3
1998	3	14	25.12
1998	3	15	20.47
1998	3	16	20.11
1998	3	17	23.11
1998	3	18	23.11
1998	3	19	21.96
1998	3	20	21.21
1998	3	21	20.47
1998	3	22	17.38
1998	3	23	16.73
1998	3	24	19.06
1998	3	25	18.71
1998	3	26	17.38
1998	3	27	18.37
1998	3	28	18.71
1998	3	29	25.96
1998	3	30	21.96
1998	3	31	33.29
1998	4	1	38.48
1998	4	26	81.56
1998	4	27	78.08
1998	5	2	86.04
1998	5	3	77.23
1998	5	4	65.14
1998	5	5	74.71
1998	5	6	70.62
1998	5	7	66.67
1998	5	8	64.38
1998	5	9	60.66
1998	5	10	51.66
1998	5	11	49.08
1998	5	12	59.22
1998	5	13	60.66
1998	5	14	61.4
1998	5	15	57.09
1998	5	16	55.02
1998	5	17	39.02
1998	5	18	39.02
1998	5	19	47.82
1998	5	20	45.36
1998	5	21	46.58
1998	5	22	44.76
1998	5	23	41.83
1998	5	24	35.82
1998	5	25	51.01
1998	5	26	44.16
1998	5	27	45.36
1998	5	28	41.83
1998	5	29	47.2
1998	5	30	48.45
1998	5	31	45.97
1998	6	1	51.01
1998	6	2	59.22
1998	6	3	55.7
1998	6	4	49.72
1998	6	5	43.57
1998	6	6	41.83
1998	6	7	40.69
1998	6	8	30.4
1998	6	9	38.48
1998	6	10	42.98
1998	6	11	26.81
1998	6	12	26.38
1998	6	13	23.9
1998	6	14	23.5
1998	6	15	23.11
1998	6	16	36.87
1998	6	17	24.71
1998	6	18	35.3
1998	6	19	34.29
1998	6	20	32.31
1998	6	21	19.76
1998	6	22	18.37
1998	6	23	26.38
1998	6	24	23.11
1998	6	25	24.71
1998	6	26	21.58
1998	6	27	20.84
1998	6	28	10.98
1998	6	29	14.9
1998	6	30	16.73
1998	7	1	20.84
1998	7	2	20.84
1998	7	3	20.47
1998	7	4	22.34
1998	7	5	16.11
1998	7	6	14.03
1998	7	7	15.8
1998	7	8	17.05
1998	7	9	13.47
1998	7	10	12.13
1998	7	11	17.71
1998	7	12	11.37
1998	7	13	11.12
1998	7	14	11.87
1998	7	15	13.74
1998	7	16	12.65
1998	7	17	11.62
1998	7	18	12.65
1998	7	19	10.64
1998	7	20	10.4
1998	7	21	12.13
1998	7	22	12.65
1998	7	23	12.65
1998	7	24	12.65
1998	7	25	11.62
1998	7	26	9.94
1998	7	27	9.72
1998	7	28	9.49
1998	7	29	10.88
1998	7	30	9.06
1998	7	31	10.4
1998	8	1	9.72
1998	8	2	7.45
1998	8	3	8.43
1998	8	4	9.06
1998	8	5	9.27
1998	8	6	7.83
1998	8	7	8.64
1998	8	8	8.43
1998	8	9	7.45
1998	8	10	7.45
1998	8	11	9.27
1998	8	12	8.85
1998	8	13	7.64
1998	8	14	7.64
1998	8	15	7.26
1998	8	16	8.43
1998	8	17	8.43
1998	8	18	8.43
1998	8	19	7.64
1998	8	20	8.64
1998	8	21	7.83
1998	8	22	7.26
1998	8	23	9.27
1998	8	24	6.2
1998	8	25	5.39
1998	8	26	5.55
1998	8	27	7.26
1998	8	28	7.83
1998	8	29	9.72
1998	8	30	8.03
1998	8	31	6.54
1998	9	1	7.07
1998	9	2	7.64
1998	9	3	6.89
1998	9	4	7.45
1998	9	5	10.64
1998	9	6	7.83
1998	9	7	7.45
1998	9	8	9.94
1998	9	9	9.94
1998	9	10	9.06
1998	9	11	9.49
1998	9	12	10.64
1998	9	13	11.37
1998	9	14	7.83
1998	9	15	10.17
1998	9	16	10.88
1998	9	17	11.37
1998	9	18	10.64
1998	9	19	9.94
1998	9	20	8.85
1998	9	21	9.06
1998	9	22	9.49
1998	9	23	9.49
1998	9	24	11.37
1998	9	25	17.71
1998	9	26	71.42
1998	9	27	29.48
1998	9	28	34.79
1998	9	29	29.94
1998	9	30	33.29
1998	10	1	31.34
1998	10	2	27.24
1998	10	3	25.96
1998	10	4	18.37
1998	10	5	16.42
1998	10	6	17.05
1998	10	7	15.8
1998	10	8	15.49
1998	10	9	15.49
1998	10	10	14.6
1998	10	11	12.65
1998	10	12	11.37
1998	10	13	13.47
1998	10	14	13.19
1998	10	15	12.65
1998	10	16	12.92
1998	10	17	14.9
1998	10	18	12.65
1998	10	19	12.39
1998	10	20	11.62
1998	10	21	13.19
1998	10	22	12.13
1998	10	23	12.39
1998	10	24	14.31
1998	10	25	16.42
1998	10	26	15.19
1998	10	27	16.11
1998	10	28	17.05
1998	10	29	18.37
1998	10	30	17.38
1998	10	31	14.9
1998	11	1	11.87
1998	11	2	16.73
1998	11	3	42.98
1998	11	4	39.02
1998	11	5	33.78
1998	11	6	27.68
1998	11	7	26.81
1998	11	8	26.38
1998	11	9	25.12
1998	11	10	33.78
1998	11	11	35.3
1998	11	12	31.34
1998	11	13	36.34
1998	11	14	31.82
1998	11	15	27.24
1998	11	16	17.38
1998	11	17	24.71
1998	11	18	22.72
1998	11	19	23.9
1998	11	20	22.72
1998	11	21	21.96
1998	11	22	15.49
1998	11	23	13.47
1998	11	24	15.19
1998	11	25	14.03
1998	11	26	15.19
1998	11	27	15.49
1998	11	28	16.73
1998	11	29	13.74
1998	11	30	12.92
1998	12	1	15.19
1998	12	2	14.6
1998	12	3	13.74
1998	12	4	14.6
1998	12	5	14.03
1998	12	6	14.03
1998	12	7	11.37
1998	12	8	13.47
1998	12	9	14.31
1998	12	10	15.49
1998	12	11	44.76
1998	12	12	30.87
1998	12	13	23.11
1998	12	14	18.71
1998	12	15	21.96
1998	12	16	22.72
1998	12	17	24.3
1998	12	18	21.21
1998	12	19	23.9
1998	12	20	16.42
1998	12	21	15.19
1998	12	22	17.71
1998	12	23	19.41
1998	12	24	18.37
1998	12	25	18.37
1998	12	26	14.9
1998	12	27	14.03
1998	12	28	18.37
1998	12	29	24.3
1998	12	30	30.4
1998	12	31	53.66
1999	1	1	47.82
1999	1	2	25.96
1999	1	3	27.24
1999	1	4	25.12
1999	1	5	27.68
1999	1	6	29.94
1999	1	7	29.02
1999	1	8	25.54
1999	1	9	47.2
1999	1	10	30.4
1999	1	11	23.9
1999	1	12	31.34
1999	1	13	30.4
1999	1	14	29.94
1999	1	15	29.94
1999	1	16	33.78
1999	1	17	44.16
1999	1	18	34.79
1999	1	19	39.02
1999	1	20	58.5
1999	1	21	84.23
1999	1	22	59.94
1999	1	23	52.99
1999	1	24	37.4
1999	1	25	36.34
1999	1	26	45.36
1999	1	27	51.01
1999	1	28	45.97
1999	1	29	45.97
1999	1	30	45.36
1999	1	31	30.87
1999	2	1	17.71
1999	2	2	39.57
1999	2	3	41.26
1999	2	4	35.3
1999	2	5	39.02
1999	2	6	36.34
1999	2	7	22.72
1999	2	8	21.21
1999	2	9	50.36
1999	2	10	46.58
1999	2	11	38.48
1999	2	12	37.94
1999	2	13	38.48
1999	2	14	24.3
1999	2	15	22.34
1999	2	16	34.79
1999	2	17	22.34
1999	2	18	30.4
1999	2	19	31.34
1999	2	20	31.82
1999	2	21	20.47
1999	2	22	19.06
1999	2	23	27.68
1999	2	24	29.48
1999	2	25	28.12
1999	2	26	29.94
1999	2	27	29.02
1999	2	28	19.76
1999	3	1	17.05
1999	3	2	23.11
1999	3	3	25.12
1999	3	4	27.24
1999	3	5	26.38
1999	3	6	27.24
1999	3	7	21.21
1999	3	8	23.11
1999	3	9	28.57
1999	3	10	30.87
1999	3	11	31.82
1999	3	12	31.82
1999	3	13	30.4
1999	3	14	23.11
1999	3	15	20.84
1999	3	16	23.9
1999	3	17	25.12
1999	3	18	23.11
1999	3	19	22.34
1999	3	20	20.47
1999	3	21	17.71
1999	3	22	17.71
1999	3	23	20.84
1999	3	24	21.21
1999	3	25	23.5
1999	3	26	25.96
1999	3	27	29.48
1999	3	28	21.58
1999	3	29	20.84
1999	3	30	21.96
1999	3	31	21.21
1999	4	1	30.87
1999	4	2	33.29
1999	4	3	24.3
1999	4	4	20.11
1999	4	5	19.76
1999	4	6	22.34
1999	4	7	17.71
1999	4	8	17.38
1999	4	9	18.04
1999	4	10	20.11
1999	4	11	16.73
1999	4	12	14.9
1999	4	13	17.05
1999	4	14	18.37
1999	4	15	19.06
1999	4	16	20.84
1999	4	17	26.81
1999	4	18	18.04
1999	4	19	17.38
1999	4	20	22.34
1999	4	21	44.76
1999	4	22	53.66
1999	4	23	51.66
1999	4	24	43.57
1999	4	25	36.87
1999	4	26	41.83
1999	4	27	66.67
1999	4	28	51.66
1999	4	29	54.33
1999	4	30	52.99
1999	5	1	53.66
1999	5	2	36.87
1999	5	3	35.3
1999	5	4	46.58
1999	5	5	59.94
1999	5	6	74.71
1999	5	7	78.08
1999	5	8	62.88
1999	5	9	62.13
1999	5	10	50.36
1999	5	11	61.4
1999	5	12	57.09
1999	5	13	56.39
1999	5	14	61.4
1999	5	15	58.5
1999	5	16	49.08
1999	5	17	47.2
1999	5	18	62.88
1999	5	19	64.38
1999	5	20	59.22
1999	5	21	55.02
1999	5	22	51.01
1999	5	23	39.02
1999	5	24	33.78
1999	5	25	43.57
1999	5	26	41.26
1999	5	27	40.69
1999	5	28	41.26
1999	5	29	40.69
1999	5	30	29.02
1999	5	31	25.54
1999	6	1	36.34
1999	6	2	39.02
1999	6	3	39.57
1999	6	4	26.38
1999	6	5	37.94
1999	6	6	25.96
1999	6	7	24.3
1999	6	8	35.3
1999	6	9	33.78
1999	6	10	31.82
1999	6	11	21.58
1999	6	12	27.68
1999	6	13	19.76
1999	6	14	17.05
1999	6	15	22.34
1999	6	16	21.58
1999	6	17	21.96
1999	6	18	21.96
1999	6	19	21.96
1999	6	20	15.8
1999	6	21	12.65
1999	6	22	17.71
1999	6	23	16.42
1999	6	24	16.42
1999	6	25	16.42
1999	6	26	17.05
1999	6	27	14.03
1999	6	28	13.47
1999	6	29	16.11
1999	6	30	16.42
1999	7	1	14.6
1999	7	2	14.31
1999	7	3	14.9
1999	7	4	11.62
1999	7	5	12.92
1999	7	6	16.11
1999	7	7	15.8
1999	7	8	13.74
1999	7	9	12.92
1999	7	10	12.65
1999	7	11	9.72
1999	7	12	10.4
1999	7	13	9.94
1999	7	14	12.92
1999	7	15	11.87
1999	7	16	11.37
1999	7	17	11.62
1999	7	18	9.49
1999	7	19	8.64
1999	7	20	9.94
1999	7	21	10.17
1999	7	22	11.12
1999	7	23	11.87
1999	7	24	11.12
1999	7	25	9.94
1999	7	26	8.43
1999	7	27	9.49
1999	7	28	10.64
1999	7	29	10.17
1999	7	30	11.12
1999	7	31	11.62
1999	8	2	8.43
1999	8	3	10.33
1999	8	4	15.37
1999	8	5	16.78
1999	8	6	18.34
1999	8	7	24.51
1999	8	8	27.52
1999	8	9	24.36
1999	8	10	17.92
1999	8	11	14.8
1999	8	12	14.29
1999	8	13	13.59
1999	8	14	12.87
1999	8	15	11.32
1999	8	16	12.47
1999	8	17	10.73
1999	8	18	11.12
1999	8	19	11.16
1999	8	20	10.84
1999	8	21	11.71
1999	8	22	10.48
1999	8	23	8.79
1999	8	24	10.37
1999	8	25	9.52
1999	8	26	9.29
1999	8	27	9.78
1999	8	28	8.71
1999	8	29	8.43
1999	8	30	8.1
1999	8	31	8.82
1999	9	1	13.19
1999	9	2	13.43
1999	9	3	12.68
1999	9	4	11.92
1999	9	5	11.74
1999	9	6	12.85
1999	9	7	14.3
1999	9	8	13.47
1999	9	9	14.27
1999	9	10	9
1999	9	11	8.79
1999	9	12	8.21
1999	9	13	8.25
1999	9	14	8.81
1999	9	15	8.66
1999	9	16	8.53
1999	9	17	11.17
1999	9	18	14.39
1999	9	19	43.01
1999	9	20	22.77
1999	9	21	38.03
1999	9	23	65.72
1999	9	24	57.14
1999	9	25	77.47
1999	9	26	64.22
1999	9	27	59.65
1999	9	28	54.51
1999	9	29	40.68
1999	9	30	50.61
1999	10	1	48.75
1999	10	2	29.02
1999	10	3	28.16
1999	10	4	36.45
1999	10	5	33.72
1999	10	6	33.27
1999	10	7	34.3
1999	10	8	29.67
1999	10	9	33.45
1999	10	10	26.18
1999	10	11	23.68
1999	10	12	39.15
1999	10	13	43.52
1999	10	14	28.51
1999	10	15	29.66
1999	10	16	31.65
1999	10	17	19.81
1999	10	18	18.43
1999	11	9	86.18
1999	11	10	79.97
1999	11	11	77.29
1999	11	12	74
1999	11	13	72
1999	11	14	63.44
1999	11	15	61.03
1999	11	16	59.78
1999	11	17	55.07
1999	11	18	55.92
1999	11	19	55.45
1999	11	20	54.02
1999	11	21	49.04
1999	11	22	33.1
1999	11	23	35.31
1999	11	24	41.67
1999	11	25	44.09
1999	11	26	44.01
1999	11	27	39.82
1999	11	28	35.38
1999	11	29	42.82
1999	11	30	41.32
1999	12	1	35.16
1999	12	2	28.21
1999	12	3	30.97
1999	12	4	25.66
1999	12	5	24.19
1999	12	6	22.57
1999	12	7	27.99
1999	12	8	26.84
1999	12	9	29.56
1999	12	10	34
1999	12	11	37.15
1999	12	12	62.07
1999	12	13	50.72
1999	12	19	81.85
1999	12	20	81.52
1999	12	21	77.22
1999	12	22	74.38
1999	12	23	76.27
1999	12	24	71.87
2000	1	5	71.39
2000	1	7	75.31
2000	1	8	72.1
2000	1	9	83.88
2000	1	10	81.31
2000	1	11	77.84
2000	1	12	74.61
2000	1	13	79.64
2000	1	14	80.46
2000	1	15	74.69
2000	1	16	66.36
2000	1	17	66.5
2000	1	18	66.27
2000	1	19	61.81
2000	1	20	59.55
2000	1	21	56.84
2000	1	22	56.69
2000	1	23	47.84
2000	1	24	35.55
2000	1	25	45.7
2000	1	26	46.2
2000	1	27	46.16
2000	1	28	41.99
2000	1	29	42.99
2000	1	30	27.7
2000	1	31	28.04
2000	2	1	65.73
2000	2	2	67.6
2000	2	3	53.12
2000	2	4	50.34
2000	2	5	44.28
2000	2	6	34.39
2000	2	7	31.92
2000	2	8	33.94
2000	2	9	37.94
2000	2	10	41.11
2000	2	11	37.86
2000	2	12	35.26
2000	2	13	34.91
2000	2	14	30.72
2000	2	15	33.12
2000	2	16	32.1
2000	2	17	29.35
2000	2	18	31.11
2000	2	19	40.46
2000	2	20	29.05
2000	2	21	26.12
2000	2	22	38.21
2000	2	23	39.26
2000	2	24	31.9
2000	2	25	28.62
2000	2	26	29.85
2000	2	27	23.67
2000	2	28	22.67
2000	2	29	31.21
2000	3	1	34.41
2000	3	2	28.91
2000	3	3	27.4
2000	3	4	25.02
2000	3	5	23.04
2000	3	6	21.33
2000	3	7	25.84
2000	3	8	20.41
2000	3	9	23.86
2000	3	10	24.1
2000	3	11	22.29
2000	3	12	19.24
2000	3	13	18.6
2000	3	14	21.49
2000	4	7	20.7
2000	4	8	24.89
2000	4	9	18.81
2000	4	10	18.12
2000	4	11	22.09
2000	4	12	25.27
2000	4	13	52.74
2000	4	16	64.86
2000	4	17	52.7
2000	5	15	71.7
2000	5	16	80.59
2000	5	17	78.58
2000	5	18	76.09
2000	5	19	72.23
2000	5	20	69.18
2000	5	21	54.45
2000	5	22	47.07
2000	5	23	60.12
2000	5	24	57.78
2000	5	25	60.03
2000	5	26	63.33
2000	5	27	65.25
2000	5	28	60.25
2000	5	29	54.17
2000	5	30	67.37
2000	5	31	63.63
2000	6	1	58.56
2000	6	2	44.66
2000	6	3	38.21
2000	6	4	42.24
2000	6	5	38.84
2000	6	6	50.06
2000	6	7	48.78
2000	6	8	46.9
2000	6	9	49.03
2000	6	10	46.95
2000	6	11	40.61
2000	6	12	32.32
2000	6	13	41.33
2000	6	14	38.78
2000	6	15	26.45
2000	6	16	25.97
2000	6	17	23.9
2000	6	18	21.95
2000	6	19	21.58
2000	6	20	25.11
2000	6	21	22.88
2000	6	22	23.19
2000	6	23	21.96
2000	6	24	22.18
2000	6	25	17.7
2000	6	26	17.78
2000	6	27	18.22
2000	6	28	17.33
2000	6	29	18.51
2000	6	30	19.69
2000	7	1	17.48
2000	7	2	17.55
2000	7	3	38.86
2000	7	4	30.67
2000	7	5	26.38
2000	7	6	22.86
2000	7	7	21.46
2000	7	8	20.98
2000	7	9	21.93
2000	7	10	19.27
2000	7	11	20.52
2000	7	12	19.32
2000	7	13	18.23
2000	7	14	17.05
2000	7	15	16.32
2000	7	16	15.27
2000	7	17	13.08
2000	7	18	14.94
2000	7	19	12.97
2000	7	20	12.45
2000	7	21	13.14
2000	7	22	13.09
2000	7	23	12.76
2000	7	24	15.98
2000	7	25	18.88
2000	7	26	18.03
2000	7	27	16.94
2000	7	28	16.8
2000	7	29	15.12
2000	7	30	14.89
2000	7	31	14.52
2000	8	1	14.62
2000	8	2	14.11
2000	8	3	13.84
2000	8	4	13.44
2000	8	5	11.5
2000	8	6	12.53
2000	8	7	11.75
2000	8	8	12.49
2000	8	9	11.42
2000	8	10	12.87
2000	8	11	11.44
2000	8	12	11.84
2000	8	13	11.51
2000	8	14	10.35
2000	8	15	11.86
2000	8	16	12.1
2000	8	17	12.58
2000	8	18	12
2000	8	19	13.3
2000	8	20	13.04
2000	8	21	12.61
2000	8	22	13.21
2000	8	23	19.46
2000	8	24	17.84
2000	8	25	17.55
2000	8	26	13.24
2000	8	27	12.71
2000	8	28	13.95
2000	8	29	13.31
2000	8	30	13.06
2000	8	31	12
2000	9	4	11.25
2000	9	7	10.08
2000	9	8	9.92
2000	9	9	9.87
2000	9	10	8.54
2000	9	11	9
2000	9	12	9.95
2000	9	13	9.38
2000	9	14	9.52
2000	9	15	10.13
2000	9	16	8.61
2000	9	17	6.89
2000	9	18	8.84
2000	9	19	10.75
2000	9	20	11.83
2000	9	21	11.3
2000	9	22	11.15
2000	9	23	11.07
2000	9	24	10.53
2000	9	25	9.67
2000	9	26	11.06
2000	9	27	10.58
2000	9	28	14.47
2000	9	29	16.03
2000	9	30	20.43
2000	10	1	12.88
2000	10	2	11.54
2000	10	3	13.17
2000	10	4	16.07
2000	10	5	15.59
2000	10	6	12.29
2000	10	7	11.72
2000	10	8	12.1
2000	10	9	10.02
2000	10	10	13.32
2000	10	11	22.46
2000	10	12	22.39
2000	10	13	19.25
2000	10	14	19.47
2000	10	15	13.01
2000	10	16	12.57
2000	10	17	11.78
2000	10	18	12.19
2000	10	19	16.67
2000	10	20	14.71
2000	10	21	16.14
2000	10	22	14.73
2000	10	23	12.23
2000	10	24	13.73
2000	10	25	13.8
2000	10	26	15.15
2000	10	27	12.32
2000	10	28	11.05
2000	10	29	12.9
2000	10	30	15.66
2000	10	31	28.32
